,index,Player,Pos,Tm,Age,G,MP,PER,TS%,3PAr,FTr,ORB%,DRB%,TRB%,AST%,STL%,BLK%,TOV%,USG%,OWS,DWS,WS,WS/48,OBPM,DBPM,BPM,VORP
0,0,Alex Abrines,SG,OKC,24.0,75.0,1134.0,9.0,0.5670000000000001,0.759,0.158,2.5,8.9,5.6,3.4,1.7,0.6,7.4,12.7,1.3,1.0,2.2,0.094,-0.5,-1.7,-2.2,-0.1
1,1,Quincy Acy,PF,BRK,27.0,70.0,1359.0,8.2,0.525,0.8,0.16399999999999998,3.1,17.0,10.0,6.0,1.2,1.6,13.3,14.4,-0.1,1.1,1.0,0.036000000000000004,-2.0,-0.2,-2.2,-0.1
2,2,Steven Adams,C,OKC,24.0,76.0,2487.0,20.6,0.63,0.003,0.40299999999999997,16.6,13.9,15.3,5.5,1.8,2.8,13.2,16.7,6.7,3.0,9.7,0.187,2.2,1.1,3.3,3.3
3,3,Bam Adebayo,C,MIA,20.0,69.0,1368.0,15.7,0.57,0.021,0.526,9.7,21.6,15.6,11.0,1.2,2.5,13.6,15.9,2.3,1.9,4.2,0.14800000000000002,-1.6,1.8,0.2,0.8
4,6,LaMarcus Aldridge,C,SAS,32.0,75.0,2509.0,25.0,0.57,0.068,0.29600000000000004,10.8,17.3,14.0,11.3,0.9,3.0,6.8,29.1,7.4,3.5,10.9,0.209,3.0,0.3,3.3,3.3
5,7,Jarrett Allen,C,BRK,19.0,72.0,1441.0,17.5,0.636,0.038,0.37,10.5,18.2,14.3,5.4,0.9,4.6,15.1,16.3,2.7,1.5,4.2,0.141,-1.3,1.4,0.2,0.8
6,10,Al-Farouq Aminu,PF,POR,27.0,69.0,2072.0,12.0,0.522,0.5820000000000001,0.13699999999999998,5.2,22.3,13.8,5.8,1.9,1.6,11.3,14.8,0.9,3.2,4.2,0.09699999999999999,-0.8,1.9,1.1,1.6
7,12,Kyle Anderson,SF,SAS,24.0,74.0,1978.0,15.9,0.5820000000000001,0.13,0.33299999999999996,4.7,17.6,11.1,14.7,2.9,2.5,15.8,13.5,2.4,3.8,6.2,0.151,-0.3,4.3,4.1,3.0
8,13,Ryan Anderson,PF,HOU,29.0,66.0,1725.0,12.6,0.5920000000000001,0.706,0.19399999999999998,6.2,15.4,10.8,5.1,0.7,1.0,7.5,14.4,3.1,1.7,4.8,0.132,1.0,-0.8,0.2,1.0
9,15,Giannis Antetokounmpo,PF,MIL,23.0,75.0,2756.0,27.3,0.598,0.1,0.457,6.7,25.3,16.0,23.7,2.0,3.3,11.7,31.2,8.3,3.6,11.9,0.207,3.9,1.9,5.8,5.4
10,16,Carmelo Anthony,PF,OKC,33.0,78.0,2501.0,12.7,0.503,0.406,0.165,2.9,17.7,10.0,6.5,0.9,1.8,7.3,23.2,1.2,2.5,3.7,0.071,-1.9,-1.9,-3.8,-1.1
11,17,OG Anunoby,SF,TOR,20.0,74.0,1481.0,10.0,0.5870000000000001,0.569,0.179,3.4,10.4,7.0,5.0,1.7,0.8,10.8,12.4,1.4,1.6,3.0,0.098,0.2,0.4,0.6,1.0
12,19,Trevor Ariza,SF,HOU,32.0,67.0,2269.0,11.8,0.5670000000000001,0.71,0.13699999999999998,1.7,12.9,7.3,6.8,2.1,0.5,7.0,14.4,2.6,2.8,5.3,0.113,0.8,0.7,1.5,2.0
13,26,D.J. Augustin,PG,ORL,30.0,75.0,1760.0,15.4,0.615,0.504,0.35,1.9,8.2,5.0,24.4,1.5,0.0,16.5,18.6,3.3,0.8,4.1,0.11,1.5,-2.5,-0.9,0.5
14,33,Lonzo Ball,PG,LAL,20.0,52.0,1780.0,12.5,0.444,0.523,0.126,4.2,17.3,10.8,29.2,2.4,2.0,18.6,17.4,-0.5,2.5,2.0,0.053,-0.8,2.5,1.7,1.7
15,34,J.J. Barea,PG,DAL,33.0,69.0,1603.0,17.8,0.545,0.45399999999999996,0.14800000000000002,1.0,13.4,7.0,45.1,1.1,0.2,16.3,24.9,2.3,1.0,3.3,0.098,2.4,-2.3,0.1,0.8
16,35,Harrison Barnes,PF,DAL,25.0,77.0,2634.0,15.8,0.539,0.276,0.259,3.1,17.1,9.9,9.9,0.9,0.5,8.1,25.2,2.0,1.9,3.8,0.07,-0.7,-1.4,-2.1,-0.1
17,36,Will Barton,SG,DEN,27.0,81.0,2683.0,16.2,0.562,0.41100000000000003,0.22,3.0,14.2,8.6,18.5,1.5,1.6,11.7,20.7,4.4,1.8,6.2,0.111,1.6,-0.6,1.0,2.0
18,37,Nicolas Batum,SG,CHO,29.0,64.0,1981.0,14.4,0.523,0.42200000000000004,0.2,3.1,13.8,8.4,26.2,1.6,1.0,15.6,18.3,1.7,1.8,3.5,0.084,0.9,0.5,1.4,1.7
19,39,Aron Baynes,C,BOS,31.0,81.0,1485.0,12.1,0.502,0.047,0.175,9.7,22.1,16.0,9.6,0.7,2.9,14.3,16.8,0.5,2.5,3.0,0.09699999999999999,-3.8,2.1,-1.7,0.1
20,40,Kent Bazemore,SG,ATL,28.0,65.0,1789.0,14.5,0.547,0.405,0.297,1.6,13.9,7.7,20.1,2.7,2.2,17.0,22.5,0.2,2.0,2.2,0.059000000000000004,-0.6,1.1,0.4,1.1
21,41,Bradley Beal,SG,WAS,24.0,82.0,2977.0,18.4,0.564,0.35700000000000004,0.248,2.3,11.5,6.9,21.0,1.6,1.1,11.5,27.6,4.4,2.5,6.9,0.11199999999999999,2.7,-1.0,1.7,2.7
22,43,Michael Beasley,PF,NYK,29.0,74.0,1653.0,17.8,0.556,0.107,0.19699999999999998,6.5,21.2,13.9,12.5,1.1,2.3,14.0,26.9,0.9,1.5,2.4,0.069,-1.0,-0.4,-1.5,0.2
23,44,Marco Belinelli,SG,TOT,31.0,80.0,1947.0,14.1,0.5820000000000001,0.518,0.214,1.1,7.3,4.2,11.9,1.6,0.5,10.1,20.7,2.4,1.3,3.7,0.092,0.8,-2.1,-1.3,0.3
24,45,Marco Belinelli,SG,ATL,31.0,52.0,1210.0,14.1,0.555,0.51,0.225,1.2,7.9,4.6,13.5,1.9,0.2,9.2,21.2,1.3,0.6,1.9,0.075,0.6,-2.3,-1.7,0.1
25,48,Jordan Bell,C,GSW,23.0,57.0,809.0,18.0,0.6409999999999999,0.022000000000000002,0.23800000000000002,8.9,19.0,14.3,16.9,2.1,5.5,20.0,13.9,1.6,1.4,2.9,0.174,0.0,3.7,3.7,1.2
26,50,Dragan Bender,PF,PHO,20.0,82.0,2069.0,7.1,0.524,0.665,0.105,2.0,16.8,9.3,8.9,0.5,2.1,18.1,12.7,-0.7,0.8,0.1,0.001,-2.7,0.0,-2.7,-0.4
27,51,Davis Bertans,PF,SAS,25.0,77.0,1086.0,14.1,0.588,0.6890000000000001,0.134,1.8,13.9,7.8,10.3,1.2,2.1,8.5,17.4,1.6,1.4,3.1,0.135,1.2,-0.3,1.0,0.8
28,55,Bismack Biyombo,C,ORL,25.0,82.0,1495.0,14.1,0.556,0.003,0.446,10.5,24.0,17.2,6.5,0.7,5.1,16.6,14.9,1.1,1.8,2.9,0.094,-3.7,2.1,-1.6,0.2
29,56,Nemanja Bjelica,PF,MIN,29.0,67.0,1371.0,12.6,0.581,0.493,0.121,4.4,18.8,11.5,8.7,1.8,1.0,11.7,14.3,1.7,1.1,2.8,0.09699999999999999,0.6,-0.1,0.5,0.9
30,59,Eric Bledsoe,PG,TOT,28.0,74.0,2322.0,19.7,0.5820000000000001,0.364,0.322,2.6,11.7,7.1,25.7,3.2,1.5,16.1,26.1,3.1,2.5,5.6,0.11599999999999999,2.4,-0.3,2.1,2.4
31,61,Eric Bledsoe,PG,MIL,28.0,71.0,2239.0,20.0,0.585,0.366,0.32,2.5,11.9,7.2,26.0,3.2,1.5,16.0,26.0,3.2,2.4,5.7,0.121,2.6,-0.2,2.4,2.5
32,63,Bogdan Bogdanovic,SG,SAC,25.0,78.0,2175.0,13.5,0.556,0.426,0.154,1.6,10.5,5.8,18.3,1.7,0.7,13.2,19.6,1.8,1.1,2.9,0.064,0.5,-1.5,-1.0,0.6
33,64,Bojan Bogdanovic,SF,IND,28.0,80.0,2464.0,13.9,0.605,0.45299999999999996,0.24100000000000002,1.4,10.9,6.2,7.1,1.1,0.3,10.1,19.0,3.8,1.6,5.4,0.105,1.1,-1.9,-0.7,0.8
34,67,Devin Booker,SG,PHO,21.0,54.0,1865.0,18.1,0.561,0.364,0.312,1.5,12.7,7.0,24.4,1.2,0.6,13.9,31.7,1.9,0.6,2.4,0.063,2.9,-2.4,0.4,1.2
35,68,Trevor Booker,PF,TOT,30.0,68.0,1158.0,14.9,0.557,0.096,0.271,11.1,18.6,14.9,10.8,1.2,1.5,13.3,16.6,1.6,1.3,2.9,0.121,-1.0,0.5,-0.5,0.4
36,78,Corey Brewer,SF-SG,TOT,31.0,72.0,1208.0,11.2,0.534,0.348,0.285,3.8,10.0,6.9,7.5,3.2,1.0,12.1,14.3,0.7,1.6,2.3,0.091,-1.6,1.0,-0.6,0.4
37,83,Dillon Brooks,SF,MEM,22.0,82.0,2350.0,9.8,0.531,0.342,0.215,2.4,10.5,6.3,9.3,1.6,0.7,12.8,18.5,0.1,1.1,1.2,0.024,-1.8,-1.3,-3.1,-0.7
38,87,Jaylen Brown,SG,BOS,21.0,70.0,2152.0,13.6,0.562,0.381,0.29,3.4,14.0,8.8,8.5,1.6,1.0,12.0,21.4,1.2,3.2,4.5,0.1,-0.6,0.4,-0.2,1.0
39,93,Reggie Bullock,SF,DET,26.0,62.0,1732.0,13.6,0.615,0.515,0.09,1.7,8.3,4.9,8.4,1.4,0.7,7.6,15.7,2.8,1.4,4.2,0.11699999999999999,1.3,-0.7,0.7,1.2
40,95,Alec Burks,SG,UTA,26.0,64.0,1059.0,13.1,0.527,0.34299999999999997,0.3,2.1,18.4,10.3,10.0,1.8,0.6,11.4,22.5,0.2,1.6,1.9,0.084,-2.5,-0.3,-2.8,-0.2
41,96,Jimmy Butler,SG,MIN,28.0,59.0,2164.0,23.7,0.59,0.217,0.461,4.2,12.7,8.4,20.6,2.7,1.0,8.9,24.9,7.1,1.8,8.9,0.198,4.9,0.1,5.0,3.8
42,102,Jose Calderon,PG,CLE,36.0,57.0,914.0,11.3,0.643,0.524,0.162,1.7,8.5,5.2,17.4,1.4,0.2,17.1,11.6,1.5,0.3,1.8,0.095,0.1,-2.0,-1.9,0.0
43,103,Kentavious Caldwell-Pope,SG,LAL,24.0,74.0,2458.0,13.2,0.561,0.52,0.243,2.6,14.1,8.4,9.4,2.1,0.5,9.9,16.9,2.6,2.7,5.3,0.10300000000000001,0.6,0.4,1.0,1.9
44,107,Clint Capela,C,HOU,23.0,74.0,2034.0,24.5,0.65,0.001,0.38,13.5,30.8,22.2,5.7,1.4,5.7,11.5,19.4,6.2,4.1,10.2,0.242,0.1,2.9,3.0,2.6
45,108,DeMarre Carroll,SF,BRK,31.0,73.0,2180.0,14.3,0.55,0.498,0.313,5.1,18.4,11.7,10.5,1.3,1.0,10.3,19.8,2.3,1.8,4.1,0.091,0.4,-0.3,0.2,1.2
46,109,Vince Carter,SF,SAC,41.0,58.0,1026.0,10.8,0.523,0.583,0.131,1.9,15.1,8.2,9.7,2.1,2.4,10.7,14.7,0.3,0.9,1.2,0.055999999999999994,-1.5,0.4,-1.1,0.2
47,110,Michael Carter-Williams,PG,CHO,26.0,52.0,835.0,10.8,0.446,0.258,0.389,4.7,13.3,8.9,19.4,2.6,2.3,16.2,16.6,-0.2,1.1,0.9,0.05,-2.6,2.0,-0.6,0.3
48,113,Willie Cauley-Stein,C,SAC,24.0,73.0,2044.0,17.6,0.529,0.016,0.32,7.0,22.0,14.2,13.7,1.9,3.1,11.0,21.8,1.7,2.2,3.9,0.092,-1.3,1.7,0.4,1.2
49,115,Mario Chalmers,PG,MEM,31.0,66.0,1421.0,10.4,0.503,0.431,0.312,1.0,12.0,6.4,21.5,2.8,0.9,18.8,19.6,-0.6,1.3,0.6,0.021,-2.2,-0.5,-2.7,-0.3
50,117,Wilson Chandler,SF,DEN,30.0,74.0,2346.0,11.0,0.542,0.39,0.18100000000000002,4.9,14.1,9.6,9.5,0.9,1.4,11.9,14.3,2.1,1.2,3.3,0.067,-0.5,-0.4,-0.9,0.6
51,118,Marquese Chriss,PF,PHO,20.0,72.0,1527.0,11.1,0.509,0.39799999999999996,0.331,5.2,22.7,13.8,8.1,1.6,3.7,16.4,18.1,-0.8,1.5,0.7,0.023,-3.3,1.3,-2.0,0.0
52,119,Ian Clark,SG,NOP,26.0,74.0,1455.0,9.4,0.529,0.39399999999999996,0.11900000000000001,0.8,8.4,4.7,10.4,1.1,0.5,9.9,17.2,0.3,0.8,1.1,0.037000000000000005,-2.0,-2.0,-3.9,-0.7
53,120,Jordan Clarkson,SG,TOT,25.0,81.0,1888.0,16.4,0.542,0.33299999999999996,0.19899999999999998,3.3,9.1,6.2,19.3,1.5,0.3,10.9,26.5,1.9,1.2,3.0,0.077,0.8,-2.7,-1.9,0.1
54,121,Jordan Clarkson,SG,LAL,25.0,53.0,1256.0,16.9,0.532,0.315,0.198,3.8,9.7,6.7,22.9,1.5,0.2,11.6,27.7,1.1,1.0,2.1,0.08,1.0,-2.3,-1.3,0.2
55,128,John Collins,PF,ATL,20.0,74.0,1785.0,18.3,0.62,0.086,0.341,11.0,22.8,16.9,8.9,1.3,3.8,14.3,17.9,3.4,2.0,5.4,0.145,-0.2,1.9,1.7,1.7
56,129,Zach Collins,C,POR,20.0,66.0,1045.0,7.5,0.475,0.391,0.145,4.7,18.2,11.5,7.1,0.8,2.4,15.9,15.4,-0.7,1.3,0.6,0.03,-4.1,0.9,-3.2,-0.3
57,131,Darren Collison,PG,IND,30.0,69.0,2018.0,18.8,0.61,0.321,0.226,2.1,7.8,5.0,26.4,2.3,0.7,10.9,17.4,5.8,1.8,7.6,0.18100000000000002,3.1,-1.0,2.2,2.1
58,134,Pat Connaughton,SG,POR,25.0,82.0,1488.0,9.3,0.539,0.5379999999999999,0.113,2.7,9.1,5.9,8.7,0.8,1.2,9.5,13.4,1.2,1.3,2.5,0.08,-0.9,-0.4,-1.3,0.3
59,140,Robert Covington,SF,PHI,27.0,80.0,2532.0,12.9,0.563,0.6579999999999999,0.163,2.4,15.5,9.2,8.7,2.6,2.4,12.3,17.2,1.6,4.5,6.1,0.11599999999999999,0.4,2.1,2.5,2.9
60,141,Allen Crabbe,SG,BRK,25.0,75.0,2197.0,12.3,0.5579999999999999,0.643,0.163,1.3,14.4,7.8,8.4,1.0,1.2,8.1,19.0,1.8,1.4,3.2,0.07,0.4,-1.2,-0.8,0.7
61,143,Jamal Crawford,SG,MIN,37.0,80.0,1653.0,13.0,0.519,0.423,0.152,1.4,5.5,3.5,16.9,1.2,0.5,10.7,23.7,0.9,0.3,1.3,0.037000000000000005,0.0,-4.0,-3.9,-0.8
62,145,Jae Crowder,SF,TOT,27.0,80.0,2090.0,10.4,0.525,0.508,0.221,3.2,11.5,7.4,6.9,1.5,0.9,9.1,17.3,1.0,1.6,2.6,0.06,-0.8,-0.9,-1.7,0.1
63,146,Jae Crowder,SF,CLE,27.0,53.0,1346.0,10.2,0.545,0.503,0.245,3.5,10.8,7.2,6.0,1.5,0.8,9.2,15.1,1.1,0.6,1.7,0.059000000000000004,-0.6,-1.2,-1.8,0.1
64,148,Dante Cunningham,SF,TOT,30.0,73.0,1562.0,10.0,0.539,0.462,0.14300000000000002,5.5,14.9,10.3,4.3,1.2,1.5,7.9,11.6,1.1,1.3,2.4,0.07400000000000001,-1.4,0.1,-1.4,0.2
65,149,Dante Cunningham,SF,NOP,30.0,51.0,1115.0,8.4,0.525,0.48,0.16,5.0,13.4,9.4,3.0,1.2,1.1,6.2,10.0,0.7,0.9,1.6,0.067,-1.6,-0.1,-1.7,0.1
66,151,Stephen Curry,PG,GSW,29.0,51.0,1631.0,28.2,0.675,0.58,0.35,2.7,14.4,9.0,30.3,2.4,0.4,13.3,31.0,7.2,1.8,9.1,0.267,9.9,-1.3,8.6,4.4
67,153,Troy Daniels,SG,PHO,26.0,79.0,1622.0,9.8,0.583,0.797,0.111,0.8,7.7,4.2,4.5,0.8,0.2,8.5,17.2,1.4,0.0,1.4,0.042,0.7,-3.6,-2.9,-0.4
68,154,Anthony Davis,PF,NOP,24.0,75.0,2727.0,28.9,0.612,0.111,0.409,7.7,24.8,16.5,10.8,2.0,5.6,8.6,30.0,8.8,4.9,13.7,0.24100000000000002,2.8,2.3,5.2,4.9
69,155,Deyonta Davis,C,MEM,21.0,62.0,943.0,16.6,0.621,0.0,0.215,9.0,22.0,15.3,7.1,0.8,3.9,9.9,15.3,1.9,0.8,2.7,0.138,-1.3,0.4,-0.9,0.3
70,156,Ed Davis,C,POR,28.0,78.0,1471.0,15.5,0.607,0.003,0.38,13.7,28.8,21.3,3.9,1.1,2.9,16.2,12.1,2.5,2.5,5.0,0.16399999999999998,-1.8,1.8,0.0,0.7
71,157,Dewayne Dedmon,C,ATL,28.0,62.0,1542.0,15.8,0.599,0.29600000000000004,0.18,7.2,28.1,17.7,9.2,1.3,2.8,14.3,17.0,1.8,1.9,3.7,0.114,-1.0,1.6,0.5,1.0
72,158,Sam Dekker,PF,LAC,23.0,73.0,883.0,11.5,0.534,0.23199999999999998,0.21600000000000003,5.6,16.0,10.8,6.2,1.3,0.9,10.4,15.5,0.6,0.6,1.2,0.066,-2.1,-1.0,-3.1,-0.2
73,159,Malcolm Delaney,PG,ATL,28.0,54.0,1014.0,10.6,0.519,0.435,0.32299999999999995,1.0,10.0,5.5,23.4,1.7,0.5,16.9,16.9,0.4,0.6,1.0,0.047,-2.0,-1.5,-3.6,-0.4
74,162,DeMar DeRozan,SG,TOR,28.0,80.0,2711.0,21.0,0.555,0.20199999999999999,0.396,2.5,10.4,6.5,25.0,1.5,0.6,9.5,29.6,6.8,2.8,9.6,0.17,2.7,-0.9,1.8,2.6
75,164,Gorgui Dieng,C,MIN,28.0,79.0,1333.0,14.7,0.5429999999999999,0.157,0.263,9.1,22.2,15.6,7.5,1.7,2.6,12.0,16.3,1.6,1.3,2.9,0.105,-1.0,0.6,-0.4,0.5
76,165,Spencer Dinwiddie,PG,BRK,24.0,80.0,2306.0,15.9,0.527,0.517,0.32,1.8,10.2,6.0,35.0,1.4,0.7,11.8,20.3,4.3,1.4,5.7,0.11800000000000001,2.1,-1.8,0.2,1.3
77,166,Tyler Dorsey,SG,ATL,21.0,56.0,974.0,10.0,0.494,0.521,0.165,2.0,12.9,7.4,12.5,0.9,0.4,8.3,20.0,0.0,0.4,0.4,0.02,-1.8,-2.5,-4.2,-0.5
78,170,Goran Dragic,PG,MIA,31.0,75.0,2378.0,16.6,0.5429999999999999,0.27899999999999997,0.252,2.5,12.0,7.2,25.4,1.3,0.4,12.2,25.7,2.9,2.3,5.3,0.106,1.0,-1.1,-0.1,1.2
79,174,Andre Drummond,C,DET,24.0,78.0,2625.0,22.9,0.555,0.012,0.44799999999999995,16.4,36.4,26.2,14.3,2.2,4.3,15.9,21.2,4.6,5.7,10.3,0.18899999999999997,0.2,5.3,5.5,5.0
80,177,Kris Dunn,PG,CHI,23.0,52.0,1525.0,14.5,0.488,0.201,0.17300000000000001,1.6,14.4,7.8,33.3,3.3,1.6,17.3,24.7,-1.0,1.9,0.8,0.027000000000000003,-1.4,1.4,-0.1,0.7
81,178,Kevin Durant,PF,GSW,29.0,68.0,2325.0,26.0,0.64,0.33799999999999997,0.331,1.6,19.5,11.2,25.5,1.0,4.0,12.9,30.4,7.5,2.9,10.4,0.215,5.0,0.7,5.6,4.5
82,183,Wayne Ellington,SG,MIA,30.0,77.0,2041.0,12.5,0.588,0.8270000000000001,0.111,1.3,10.7,6.0,5.9,1.3,0.3,6.6,17.3,2.6,1.9,4.5,0.105,1.8,-1.8,0.0,1.0
83,184,Joel Embiid,C,PHI,23.0,63.0,1912.0,22.9,0.573,0.203,0.442,8.4,29.7,19.4,18.0,1.0,4.8,15.6,33.4,2.3,3.8,6.2,0.155,0.1,2.5,2.6,2.2
84,185,James Ennis,SF,TOT,27.0,72.0,1604.0,11.6,0.588,0.39799999999999996,0.302,5.1,11.0,8.0,6.6,1.5,1.0,11.4,13.7,2.0,1.1,3.1,0.092,-0.6,-0.5,-1.1,0.4
85,191,Tyreke Evans,PG,MEM,28.0,52.0,1607.0,21.1,0.561,0.354,0.258,3.1,16.3,9.5,31.2,1.8,1.0,11.5,28.4,3.1,1.2,4.2,0.126,4.4,-0.8,3.6,2.3
86,194,Derrick Favors,C,UTA,26.0,77.0,2153.0,18.8,0.593,0.09,0.306,10.6,18.5,14.6,7.8,1.3,3.2,9.9,18.5,4.5,3.5,8.0,0.179,0.5,2.2,2.7,2.5
87,198,Cristiano Felicio,C,CHI,25.0,55.0,977.0,12.5,0.614,0.009000000000000001,0.377,8.8,17.1,12.8,8.4,0.8,1.0,17.7,13.6,1.2,0.5,1.7,0.086,-2.3,-0.1,-2.4,-0.1
88,199,Raymond Felton,PG,OKC,33.0,82.0,1365.0,13.0,0.494,0.41700000000000004,0.08,2.0,11.0,6.3,22.5,1.8,1.1,11.7,20.4,0.9,1.3,2.2,0.078,-1.1,-1.7,-2.8,-0.3
89,201,Yogi Ferrell,SG,DAL,24.0,82.0,2282.0,11.4,0.54,0.49200000000000005,0.141,1.2,11.2,6.1,13.5,1.4,0.4,9.1,17.0,1.5,1.5,3.0,0.064,-0.4,-0.6,-1.0,0.6
90,204,Bryn Forbes,SG,SAS,24.0,80.0,1517.0,9.1,0.525,0.45899999999999996,0.145,0.9,7.2,4.0,7.8,0.9,0.1,6.5,16.7,0.8,1.3,2.1,0.067,-1.2,-1.9,-3.1,-0.4
91,205,Evan Fournier,SF,ORL,25.0,57.0,1837.0,15.5,0.5770000000000001,0.418,0.21600000000000003,1.4,9.5,5.4,14.8,1.3,0.7,9.8,23.3,2.4,0.9,3.3,0.087,1.6,-2.1,-0.4,0.7
92,207,Tim Frazier,PG,WAS,27.0,59.0,838.0,11.3,0.475,0.326,0.174,2.4,13.1,7.8,31.1,2.8,0.7,23.5,12.8,0.4,1.0,1.4,0.08,-2.4,0.3,-2.1,0.0
93,213,Langston Galloway,SG,DET,26.0,58.0,863.0,12.2,0.503,0.6409999999999999,0.121,1.6,10.3,5.9,10.1,2.0,0.5,4.8,19.3,0.5,0.9,1.4,0.08,-0.2,-1.6,-1.7,0.1
94,214,Marc Gasol,C,MEM,33.0,73.0,2408.0,17.4,0.532,0.31,0.326,3.7,25.3,14.2,21.7,1.1,3.9,14.1,25.6,1.5,2.6,4.0,0.08,-0.1,1.6,1.5,2.1
95,215,Pau Gasol,C,SAS,37.0,77.0,1812.0,18.9,0.539,0.191,0.33299999999999996,7.8,30.2,19.0,20.1,0.7,3.6,13.1,20.4,2.7,3.3,6.0,0.159,-0.1,3.3,3.2,2.4
96,216,Rudy Gay,PF,SAS,31.0,57.0,1231.0,18.0,0.545,0.22,0.27,6.8,19.5,13.1,9.8,1.9,2.6,11.5,24.6,1.0,2.1,3.1,0.12300000000000001,-0.7,1.0,0.3,0.7
97,217,Paul George,SF,OKC,27.0,79.0,2891.0,18.7,0.57,0.45399999999999996,0.308,2.7,14.9,8.6,14.5,2.8,1.2,12.2,25.7,5.0,3.9,8.9,0.14800000000000002,2.5,0.0,2.6,3.3
98,220,Taj Gibson,PF,MIN,32.0,82.0,2726.0,15.4,0.61,0.047,0.251,8.1,16.7,12.4,5.2,1.1,1.9,9.8,14.7,5.4,1.7,7.2,0.126,0.9,0.2,1.1,2.1
99,221,Manu Ginobili,SG,SAS,40.0,65.0,1299.0,12.9,0.5529999999999999,0.415,0.28300000000000003,1.6,10.6,6.1,19.1,1.7,1.0,16.8,21.5,0.6,1.6,2.2,0.08199999999999999,-0.5,-0.5,-1.0,0.3
100,222,Rudy Gobert,C,UTA,25.0,56.0,1816.0,20.7,0.657,0.0,0.6729999999999999,10.4,27.0,18.8,6.9,1.2,6.0,15.7,16.9,4.2,3.9,8.1,0.214,-0.3,4.6,4.3,2.9
101,223,Aaron Gordon,PF,ORL,22.0,58.0,1909.0,16.5,0.53,0.395,0.26,5.0,21.5,13.2,11.7,1.5,1.9,10.0,24.7,0.9,2.0,2.9,0.07200000000000001,0.0,0.0,0.0,1.0
102,224,Eric Gordon,SG,HOU,29.0,69.0,2154.0,15.2,0.578,0.627,0.248,1.3,7.5,4.4,11.7,1.0,1.1,10.8,24.7,2.9,1.8,4.7,0.105,1.4,-2.4,-1.0,0.5
103,226,Marcin Gortat,C,WAS,33.0,82.0,2075.0,14.7,0.546,0.0,0.29100000000000004,9.9,24.0,17.0,10.6,1.0,2.6,13.5,15.5,2.4,2.4,4.9,0.113,-1.6,1.9,0.3,1.2
104,227,Treveon Graham,SG,CHO,24.0,63.0,1050.0,9.0,0.5529999999999999,0.439,0.267,4.3,8.3,6.2,7.8,1.5,0.2,9.9,11.3,1.1,0.7,1.8,0.08,-0.6,-0.3,-0.9,0.3
105,228,Jerami Grant,PF,OKC,23.0,81.0,1647.0,16.2,0.607,0.24100000000000002,0.526,5.6,16.3,10.7,5.1,0.9,4.2,8.8,16.0,3.5,1.9,5.4,0.156,-0.8,0.2,-0.6,0.6
106,229,Jerian Grant,PG,CHI,25.0,74.0,1686.0,14.3,0.528,0.373,0.373,1.9,9.3,5.5,30.1,1.8,0.4,13.2,17.4,2.3,1.0,3.3,0.094,-0.1,-1.8,-2.0,0.0
107,231,Danny Green,SG,SAS,30.0,70.0,1791.0,11.4,0.509,0.57,0.11599999999999999,2.5,13.0,7.7,8.9,1.8,3.7,11.2,16.6,0.1,2.9,2.9,0.078,-1.1,2.2,1.2,1.4
108,232,Draymond Green,PF,GSW,27.0,70.0,2287.0,16.1,0.556,0.414,0.27899999999999997,3.9,21.1,13.1,29.0,2.0,3.1,22.5,17.2,2.6,3.4,6.1,0.127,0.4,2.7,3.2,3.0
109,234,JaMychal Green,PF,MEM,27.0,55.0,1542.0,14.0,0.53,0.26,0.22699999999999998,10.8,24.4,17.4,8.3,1.0,1.5,12.4,17.8,1.3,1.3,2.6,0.079,-1.2,-0.4,-1.5,0.2
110,235,Jeff Green,PF,CLE,31.0,78.0,1828.0,14.8,0.5870000000000001,0.275,0.379,3.7,11.2,7.6,8.0,1.1,1.6,9.4,19.3,3.1,0.8,3.9,0.10300000000000001,-0.2,-1.7,-1.9,0.1
111,236,Blake Griffin,PF,TOT,28.0,58.0,1970.0,19.6,0.544,0.32299999999999995,0.331,4.1,19.8,12.0,28.1,1.0,0.8,12.6,28.9,3.2,1.8,4.9,0.12,2.9,-0.1,2.8,2.4
112,240,Tim Hardaway,SG,NYK,25.0,57.0,1885.0,14.4,0.5329999999999999,0.479,0.209,1.9,11.3,6.6,12.7,1.6,0.5,9.0,23.8,1.6,1.1,2.6,0.067,1.7,-1.8,-0.1,0.9
113,241,James Harden,SG,HOU,28.0,72.0,2551.0,29.8,0.619,0.498,0.502,1.8,15.2,8.6,45.1,2.4,1.7,15.1,36.1,11.6,3.8,15.4,0.289,9.6,1.3,10.9,8.3
114,242,Maurice Harkless,SF,POR,24.0,59.0,1264.0,12.6,0.596,0.397,0.19899999999999998,4.0,9.9,7.0,6.0,1.9,2.8,11.0,12.6,1.6,1.7,3.2,0.12300000000000001,-0.2,2.0,1.8,1.2
115,243,Montrezl Harrell,C,LAC,24.0,76.0,1293.0,24.7,0.647,0.013000000000000001,0.405,8.9,17.0,13.0,10.1,1.4,3.4,9.5,23.8,4.3,1.3,5.5,0.205,2.4,0.0,2.4,1.5
116,244,Devin Harris,PG,TOT,34.0,71.0,1340.0,13.0,0.563,0.5,0.374,1.0,9.8,5.3,16.9,1.8,0.8,12.6,20.2,1.6,0.9,2.5,0.09,-0.1,-1.9,-2.0,0.0
117,247,Gary Harris,SG,DEN,23.0,67.0,2304.0,16.5,0.597,0.434,0.17800000000000002,1.8,6.8,4.3,13.0,2.6,0.5,10.8,20.7,3.9,1.5,5.5,0.114,2.4,-1.5,0.9,1.7
118,248,Joe Harris,SG,BRK,26.0,78.0,1975.0,13.3,0.634,0.5760000000000001,0.16699999999999998,2.7,11.3,7.0,10.2,0.9,0.8,12.0,16.6,3.0,0.9,4.0,0.09699999999999999,1.3,-1.2,0.1,1.1
119,249,Tobias Harris,PF,TOT,25.0,80.0,2668.0,17.1,0.565,0.364,0.177,2.4,15.7,9.0,11.8,1.3,1.1,7.4,23.3,4.2,2.5,6.7,0.12,1.5,-0.8,0.7,1.8
120,254,Andrew Harrison,PG,MEM,23.0,56.0,1326.0,12.7,0.534,0.331,0.371,2.0,9.7,5.7,21.3,1.4,1.8,14.0,19.6,1.0,0.7,1.7,0.062,-0.9,-1.5,-2.5,-0.2
121,256,Josh Hart,SG,LAL,22.0,63.0,1461.0,12.2,0.596,0.525,0.251,3.1,16.0,9.6,7.6,1.5,0.9,10.1,13.5,1.9,1.5,3.4,0.111,-0.3,0.2,-0.1,0.7
122,265,John Henson,C,MIL,27.0,76.0,1970.0,15.7,0.5820000000000001,0.013999999999999999,0.315,9.0,21.5,15.3,8.6,1.1,4.7,12.8,15.0,2.8,2.2,4.9,0.12,-1.4,1.8,0.4,1.2
123,270,Mario Hezonja,SF,ORL,22.0,75.0,1657.0,13.7,0.544,0.433,0.17,2.7,16.1,9.3,10.0,2.4,1.5,11.5,19.9,0.5,1.8,2.3,0.066,-1.0,0.2,-0.8,0.5
124,272,Buddy Hield,SG,SAC,24.0,80.0,2024.0,16.1,0.557,0.43700000000000006,0.087,3.0,14.8,8.6,12.8,2.1,1.0,11.3,24.3,1.3,1.5,2.8,0.067,1.2,-1.4,-0.2,0.9
125,274,George Hill,PG,TOT,31.0,67.0,1812.0,13.3,0.58,0.4,0.273,2.6,8.9,5.7,15.0,1.7,1.3,13.3,16.3,2.3,0.9,3.2,0.085,0.3,-0.9,-0.6,0.6
126,279,Jrue Holiday,SG,NOP,27.0,81.0,2927.0,17.8,0.57,0.28600000000000003,0.191,2.4,10.8,6.8,24.9,2.0,1.7,13.6,23.1,4.2,2.9,7.1,0.11599999999999999,1.8,0.3,2.1,3.0
127,281,Justin Holiday,SG,CHI,28.0,72.0,2265.0,10.8,0.513,0.574,0.21,1.4,12.8,6.9,10.1,1.7,1.2,9.8,18.2,0.1,1.6,1.7,0.036000000000000004,-1.0,-0.3,-1.3,0.4
128,283,Rondae Hollis-Jefferson,SF,BRK,23.0,68.0,1920.0,16.9,0.5479999999999999,0.075,0.436,5.5,20.0,12.7,14.2,1.6,1.9,12.3,22.2,2.1,2.0,4.1,0.10300000000000001,-1.5,1.1,-0.4,0.8
129,285,Rodney Hood,SG,TOT,25.0,60.0,1616.0,14.3,0.546,0.44299999999999995,0.172,1.6,9.9,5.8,9.7,1.4,0.6,8.0,24.3,1.2,1.5,2.7,0.081,0.2,-2.2,-2.0,0.0
130,289,Al Horford,C,BOS,31.0,72.0,2277.0,17.6,0.575,0.3,0.159,5.0,20.2,12.7,23.6,0.9,2.9,14.1,18.4,4.0,3.8,7.8,0.165,1.1,2.9,4.0,3.5
131,291,Dwight Howard,C,CHO,32.0,81.0,2463.0,20.5,0.5770000000000001,0.008,0.639,11.0,33.8,22.2,7.1,1.0,4.4,15.1,24.2,2.9,3.9,6.8,0.132,-2.0,1.7,-0.3,1.1
132,292,Josh Huestis,PF,OKC,26.0,69.0,982.0,5.4,0.41700000000000004,0.632,0.11,4.6,13.9,9.1,2.7,0.8,4.0,12.0,9.5,-0.5,1.0,0.5,0.024,-4.6,0.7,-3.9,-0.5
133,295,Serge Ibaka,PF,TOR,28.0,76.0,2093.0,14.7,0.574,0.379,0.151,4.3,21.0,12.8,4.4,0.7,3.8,9.7,19.4,2.1,3.0,5.1,0.11699999999999999,-0.8,0.6,-0.2,1.0
134,296,Andre Iguodala,SF,GSW,34.0,64.0,1622.0,11.2,0.536,0.366,0.272,3.7,12.6,8.5,16.2,1.6,1.9,15.8,11.5,1.6,1.6,3.2,0.094,-0.7,0.9,0.2,0.9
135,297,Ersan Ilyasova,PF,TOT,30.0,69.0,1729.0,14.9,0.5579999999999999,0.413,0.22,7.6,18.0,12.9,7.9,1.7,1.3,9.7,18.7,2.2,1.9,4.0,0.11199999999999999,0.2,-0.1,0.1,0.9
136,300,Joe Ingles,SF,UTA,30.0,82.0,2578.0,14.4,0.623,0.6459999999999999,0.11599999999999999,1.1,13.9,7.6,22.9,1.8,0.7,17.4,15.9,4.0,3.6,7.6,0.141,2.1,1.0,3.1,3.3
137,302,Brandon Ingram,SF,LAL,20.0,59.0,1975.0,13.8,0.536,0.138,0.371,3.1,13.8,8.5,17.7,1.1,1.8,14.4,22.2,1.0,1.8,2.8,0.068,-1.6,0.3,-1.3,0.4
138,303,Kyrie Irving,PG,BOS,25.0,60.0,1931.0,25.0,0.61,0.374,0.24,1.9,10.8,6.4,30.7,1.7,0.7,10.4,31.0,6.3,2.7,8.9,0.222,6.9,-0.7,6.2,4.0
139,306,Wesley Iwundu,SF,ORL,23.0,62.0,1020.0,7.8,0.48,0.21100000000000002,0.21600000000000003,3.9,11.0,7.4,7.8,1.6,0.9,11.2,11.6,0.0,0.7,0.7,0.032,-3.7,0.2,-3.5,-0.4
140,307,Jarrett Jack,PG,NYK,34.0,62.0,1548.0,11.5,0.489,0.19399999999999998,0.16899999999999998,1.6,12.1,6.8,31.3,1.1,0.2,19.5,16.7,0.5,0.7,1.2,0.036000000000000004,-1.9,-1.7,-3.5,-0.6
141,313,Justin Jackson,SF,SAC,22.0,68.0,1506.0,9.2,0.521,0.442,0.086,2.0,12.6,7.1,7.2,0.9,0.8,8.4,14.2,0.4,0.5,1.0,0.031,-2.0,-1.5,-3.5,-0.6
142,315,LeBron James,PF,CLE,33.0,82.0,3026.0,28.6,0.621,0.257,0.336,3.7,22.3,13.1,44.4,1.9,2.0,16.1,31.6,11.0,3.0,14.0,0.221,7.6,2.0,9.6,8.9
143,322,Jonas Jerebko,PF,UTA,30.0,74.0,1134.0,13.2,0.586,0.46,0.16699999999999998,5.4,19.1,12.3,5.7,1.1,0.9,6.9,15.6,1.8,1.6,3.4,0.14400000000000002,-0.3,-0.3,-0.6,0.4
144,323,Amir Johnson,C,PHI,30.0,74.0,1171.0,14.8,0.575,0.12300000000000001,0.327,11.8,18.3,15.2,13.9,1.8,3.1,15.6,12.8,2.1,2.0,4.1,0.16899999999999998,-0.2,3.1,2.9,1.5
145,328,James Johnson,PF,MIA,30.0,73.0,1943.0,15.8,0.575,0.301,0.264,3.5,17.2,10.3,22.5,1.8,2.2,17.2,19.1,2.2,2.8,4.9,0.122,-0.1,1.7,1.7,1.8
146,329,Joe Johnson,SF,TOT,36.0,55.0,1205.0,8.1,0.49,0.40299999999999997,0.125,1.3,14.7,8.1,10.2,0.7,0.5,11.4,15.9,-0.3,1.3,1.0,0.04,-3.4,-0.4,-3.8,-0.5
147,333,Stanley Johnson,SF,DET,21.0,69.0,1894.0,9.0,0.48,0.418,0.259,1.9,13.0,7.3,8.5,2.5,0.7,11.0,16.4,-0.6,2.4,1.8,0.046,-2.6,1.1,-1.5,0.2
148,335,Tyler Johnson,PG,MIA,25.0,72.0,2052.0,13.0,0.5489999999999999,0.456,0.18100000000000002,1.9,11.7,6.8,12.4,1.5,1.4,9.5,18.6,1.9,2.3,4.2,0.09699999999999999,-0.1,-0.1,-0.2,0.9
149,336,Wesley Johnson,SF,LAC,30.0,74.0,1486.0,9.8,0.512,0.48100000000000004,0.158,2.2,13.6,8.0,5.6,2.5,3.5,12.3,13.0,-0.1,1.7,1.7,0.055,-2.0,2.3,0.3,0.9
150,337,Nikola Jokic,C,DEN,22.0,75.0,2443.0,24.4,0.603,0.27699999999999997,0.31,9.0,27.9,18.5,29.6,1.8,2.1,15.5,24.2,7.8,2.9,10.7,0.21100000000000002,4.8,2.3,7.1,5.6
151,345,Tyus Jones,PG,MIN,21.0,82.0,1467.0,14.1,0.5720000000000001,0.39299999999999996,0.247,1.2,9.2,5.2,21.2,3.2,0.4,14.0,12.7,2.3,1.2,3.6,0.11699999999999999,0.8,-0.3,0.5,0.9
152,346,DeAndre Jordan,C,LAC,29.0,77.0,2424.0,20.2,0.648,0.0,0.54,15.1,37.6,26.5,7.1,0.8,2.4,16.1,15.2,6.0,3.4,9.4,0.18600000000000003,0.5,1.6,2.1,2.5
153,347,Cory Joseph,PG,IND,26.0,82.0,2210.0,11.0,0.503,0.315,0.156,2.0,11.4,6.7,16.1,1.8,0.7,11.9,14.8,1.2,2.0,3.1,0.068,-1.3,0.1,-1.2,0.5
154,348,Frank Kaminsky,PF,CHO,24.0,79.0,1835.0,14.4,0.545,0.38299999999999995,0.271,2.7,14.5,8.5,11.0,1.0,0.9,7.6,20.5,2.3,1.3,3.6,0.094,0.3,-1.2,-0.9,0.5
155,349,Enes Kanter,C,NYK,25.0,71.0,1830.0,24.0,0.63,0.003,0.258,16.6,30.6,23.6,9.4,1.0,1.7,13.3,21.8,5.5,2.1,7.6,0.198,2.4,0.1,2.5,2.1
156,350,Luke Kennard,SG,DET,21.0,73.0,1463.0,12.1,0.56,0.419,0.163,1.6,11.9,6.6,12.7,1.5,0.8,12.2,17.2,1.1,1.4,2.6,0.085,-1.1,-0.4,-1.5,0.2
157,351,Michael Kidd-Gilchrist,SF,CHO,24.0,74.0,1850.0,12.5,0.536,0.004,0.305,4.8,13.0,8.8,5.9,1.3,1.4,7.8,16.2,1.6,1.6,3.2,0.084,-2.0,0.3,-1.8,0.1
158,357,Maxi Kleber,PF,DAL,26.0,72.0,1206.0,13.4,0.5760000000000001,0.414,0.191,6.3,15.6,10.8,6.4,1.1,3.5,8.2,13.7,1.6,1.2,2.8,0.113,-1.0,1.2,0.2,0.7
159,360,Kyle Korver,SG,CLE,36.0,73.0,1574.0,13.4,0.652,0.777,0.149,0.7,10.9,5.9,8.0,1.0,1.5,9.6,16.0,2.8,0.6,3.4,0.10400000000000001,2.2,-2.0,0.1,0.9
160,361,Kosta Koufos,C,SAC,28.0,71.0,1391.0,17.5,0.5660000000000001,0.0,0.19,11.7,27.6,19.3,9.7,1.7,2.2,10.4,15.2,2.3,1.5,3.9,0.134,-0.8,1.4,0.5,0.9
161,362,Kyle Kuzma,PF,LAL,22.0,77.0,2401.0,14.2,0.5489999999999999,0.418,0.2,3.9,17.4,10.7,9.1,1.0,1.1,11.0,22.5,1.5,2.3,3.8,0.077,-0.3,-1.0,-1.3,0.4
162,365,Skal Labissiere,PF,SAC,21.0,60.0,1240.0,14.3,0.513,0.111,0.258,8.7,18.1,13.2,9.1,1.0,3.7,12.5,21.1,0.4,1.0,1.4,0.054000000000000006,-2.7,0.1,-2.6,-0.2
163,366,Jeremy Lamb,SG,CHO,25.0,80.0,1967.0,17.0,0.5589999999999999,0.305,0.25,2.7,15.4,8.9,15.4,1.5,1.4,9.1,22.4,3.0,1.9,4.9,0.12,1.2,-0.2,0.9,1.5
164,372,Courtney Lee,SG,NYK,32.0,76.0,2310.0,13.0,0.564,0.368,0.16399999999999998,1.4,9.3,5.4,11.3,1.7,0.6,9.4,16.9,2.7,1.2,3.9,0.08199999999999999,0.8,-0.7,0.0,1.2
165,375,Alex Len,C,PHO,24.0,69.0,1395.0,19.4,0.612,0.008,0.611,13.2,26.7,19.8,9.1,0.9,3.5,14.0,17.0,3.2,1.3,4.5,0.154,-0.3,1.1,0.8,1.0
166,379,Caris LeVert,SF,BRK,23.0,71.0,1864.0,14.3,0.525,0.33299999999999996,0.254,3.0,11.9,7.4,26.0,2.1,0.9,15.8,22.5,0.7,1.6,2.3,0.059000000000000004,-0.3,-0.2,-0.5,0.7
167,383,Damian Lillard,PG,POR,27.0,73.0,2670.0,25.2,0.594,0.445,0.38,2.6,10.6,6.6,30.9,1.4,0.8,11.1,30.6,9.9,2.7,12.6,0.22699999999999998,7.7,-1.0,6.7,5.9
168,385,Shaun Livingston,PG,GSW,32.0,71.0,1129.0,11.6,0.5329999999999999,0.015,0.17800000000000002,3.4,9.2,6.5,16.8,1.5,1.5,13.6,16.7,0.9,0.9,1.8,0.077,-2.6,-0.9,-3.5,-0.4
169,387,Kevon Looney,C,GSW,21.0,66.0,910.0,14.8,0.588,0.026000000000000002,0.39899999999999997,11.0,15.2,13.2,6.0,1.8,4.9,12.0,12.5,1.5,1.3,2.8,0.145,-0.9,2.1,1.2,0.7
170,388,Brook Lopez,C,LAL,29.0,74.0,1735.0,16.4,0.557,0.41,0.19899999999999998,4.6,13.4,9.0,11.6,0.8,4.6,10.2,23.5,1.9,1.9,3.8,0.105,0.3,0.2,0.5,1.1
171,389,Robin Lopez,C,CHI,29.0,64.0,1690.0,14.7,0.552,0.022000000000000002,0.14,8.2,10.3,9.2,12.3,0.4,2.8,13.5,20.4,1.2,0.7,1.9,0.055,-1.7,-0.3,-1.9,0.0
172,390,Kevin Love,C,CLE,29.0,59.0,1651.0,22.4,0.614,0.45299999999999996,0.365,7.0,29.8,18.6,9.8,1.3,1.2,9.6,25.1,4.7,1.6,6.4,0.185,2.7,-1.5,1.3,1.4
173,391,Kyle Lowry,PG,TOR,31.0,78.0,2510.0,19.5,0.598,0.631,0.276,3.0,16.1,9.7,30.9,1.7,0.6,14.7,21.7,7.0,3.1,10.2,0.19399999999999998,5.4,0.5,5.9,5.0
174,392,Timothe Luwawu-Cabarrot,SF,PHI,22.0,52.0,807.0,7.0,0.511,0.5920000000000001,0.217,1.9,7.5,4.8,9.3,0.7,0.5,11.5,17.5,0.1,0.7,0.8,0.046,-2.3,-2.4,-4.7,-0.5
175,394,Trey Lyles,PF,DEN,22.0,73.0,1391.0,17.9,0.59,0.396,0.264,4.5,23.5,14.0,10.1,1.1,2.0,9.0,21.1,2.7,1.2,3.9,0.134,0.6,-1.4,-0.8,0.4
176,395,Shelvin Mack,PG,ORL,27.0,69.0,1365.0,13.3,0.518,0.336,0.23399999999999999,1.8,11.6,6.7,29.5,1.9,0.5,16.3,17.6,1.0,1.0,2.0,0.069,-1.2,-1.2,-2.4,-0.1
177,397,Ian Mahinmi,C,WAS,31.0,77.0,1145.0,12.2,0.601,0.008,0.516,13.4,17.4,15.4,6.6,1.6,3.2,24.7,15.6,0.8,1.4,2.2,0.09300000000000001,-2.3,1.6,-0.7,0.4
178,398,Thon Maker,C,MIL,20.0,74.0,1238.0,10.2,0.499,0.32899999999999996,0.294,7.1,14.2,10.6,5.2,1.5,3.7,11.0,14.6,0.3,1.1,1.5,0.055999999999999994,-2.7,0.0,-2.7,-0.2
179,402,Lauri Markkanen,PF,CHI,20.0,68.0,2020.0,15.6,0.552,0.465,0.193,4.0,23.7,13.5,6.4,0.9,1.8,8.2,21.9,1.7,1.6,3.3,0.079,-0.6,-1.3,-1.9,0.1
180,403,Jarell Martin,PF,MEM,23.0,73.0,1661.0,10.5,0.516,0.198,0.23399999999999999,6.6,15.8,11.1,7.0,1.2,2.8,13.6,17.1,0.1,1.2,1.3,0.038,-3.0,0.0,-3.0,-0.4
181,404,Frank Mason,PG,SAC,23.0,52.0,984.0,13.0,0.48,0.226,0.303,3.3,12.1,7.5,22.7,1.7,1.0,13.1,22.6,0.0,0.6,0.5,0.027000000000000003,-2.0,-1.4,-3.4,-0.4
182,406,Wesley Matthews,SF,DAL,31.0,63.0,2131.0,11.4,0.541,0.5770000000000001,0.145,1.4,9.2,5.2,12.3,1.8,0.7,10.1,17.6,1.0,1.6,2.6,0.059000000000000004,0.2,-0.2,0.1,1.1
183,407,Luc Mbah a Moute,PF,HOU,31.0,61.0,1564.0,10.2,0.595,0.501,0.275,1.6,11.7,6.7,5.0,2.3,1.4,15.1,12.9,0.7,2.1,2.8,0.086,-1.5,1.5,0.0,0.8
184,410,Patrick McCaw,SG,GSW,22.0,57.0,961.0,7.4,0.47700000000000004,0.35600000000000004,0.151,2.0,7.2,4.8,10.6,2.2,0.8,14.6,12.8,-0.3,0.8,0.6,0.028999999999999998,-2.9,-0.5,-3.4,-0.3
185,411,CJ McCollum,SG,POR,26.0,81.0,2923.0,17.0,0.536,0.316,0.166,2.0,9.9,6.0,15.8,1.3,1.0,8.6,26.5,3.7,2.9,6.6,0.10800000000000001,1.4,-1.0,0.4,1.8
186,412,T.J. McConnell,PG,PHI,25.0,76.0,1706.0,12.5,0.545,0.147,0.09300000000000001,2.4,11.5,7.1,24.5,2.6,0.6,20.4,13.8,1.3,2.5,3.8,0.10800000000000001,-1.8,1.1,-0.7,0.5
187,415,Doug McDermott,SF,TOT,26.0,81.0,1768.0,10.4,0.579,0.425,0.159,2.5,10.2,6.3,6.5,0.5,0.8,9.3,15.0,1.7,0.6,2.3,0.063,-0.7,-1.7,-2.4,-0.2
188,416,Doug McDermott,SF,NYK,26.0,55.0,1172.0,9.9,0.562,0.418,0.162,3.1,9.5,6.3,6.0,0.4,0.9,8.8,14.4,1.1,0.3,1.3,0.055,-0.6,-1.9,-2.5,-0.1
189,422,Ben McLemore,SG,MEM,24.0,56.0,1091.0,9.7,0.526,0.426,0.172,3.5,11.4,7.4,7.5,1.8,1.3,13.2,19.0,-0.2,0.7,0.5,0.023,-2.1,-1.4,-3.6,-0.4
190,424,Jodie Meeks,SG,WAS,30.0,77.0,1119.0,12.4,0.5479999999999999,0.534,0.298,1.5,11.2,6.4,9.1,1.3,0.3,7.7,19.0,1.3,0.8,2.0,0.087,-0.4,-2.5,-2.8,-0.2
191,427,Khris Middleton,SF,MIL,26.0,82.0,2982.0,17.4,0.5770000000000001,0.32,0.285,1.8,15.0,8.4,17.7,2.0,0.6,11.8,24.6,4.6,2.3,6.9,0.111,1.6,-1.2,0.4,1.8
192,428,C.J. Miles,SF,TOR,30.0,70.0,1337.0,13.0,0.545,0.758,0.162,1.5,11.0,6.4,6.0,1.4,1.3,5.7,22.3,1.4,1.5,2.9,0.10300000000000001,1.7,-2.2,-0.5,0.5
193,429,Darius Miller,SF,NOP,27.0,82.0,1944.0,9.3,0.617,0.735,0.138,1.0,7.9,4.6,7.5,0.7,0.7,10.1,12.8,2.1,0.9,3.0,0.075,0.5,-1.6,-1.0,0.5
194,431,Patty Mills,PG,SAS,29.0,82.0,2107.0,11.8,0.5579999999999999,0.607,0.17300000000000001,1.4,6.8,4.1,16.0,1.3,0.4,12.6,17.8,2.0,2.1,4.1,0.09300000000000001,0.9,-1.3,-0.4,0.9
195,434,Nikola Mirotic,PF,TOT,26.0,55.0,1494.0,18.7,0.5770000000000001,0.523,0.2,4.3,24.9,14.6,8.6,1.4,2.2,7.7,23.4,2.2,1.8,4.0,0.128,1.4,-0.7,0.6,1.0
196,437,Donovan Mitchell,SG,UTA,21.0,79.0,2638.0,16.7,0.541,0.40399999999999997,0.218,2.3,10.4,6.4,19.4,2.2,0.9,12.6,29.1,1.4,3.8,5.2,0.095,1.3,-0.2,1.1,2.1
197,440,Greg Monroe,C,TOT,27.0,51.0,1040.0,21.2,0.598,0.0,0.308,11.4,25.2,18.3,18.7,2.1,1.8,17.7,22.4,1.8,1.6,3.4,0.155,0.1,2.3,2.4,1.2
198,446,E'Twaun Moore,SG,NOP,28.0,82.0,2586.0,12.1,0.593,0.36200000000000004,0.08199999999999999,2.5,7.3,5.0,10.1,1.5,0.4,10.6,16.1,2.8,1.6,4.4,0.081,0.6,-0.8,-0.2,1.2
199,447,Eric Moreland,PF,DET,26.0,67.0,805.0,13.9,0.531,0.0,0.23800000000000002,10.9,27.6,19.1,13.3,1.9,5.6,23.8,9.7,0.7,1.6,2.3,0.135,-3.1,5.8,2.6,0.9
200,449,Marcus Morris,PF,BOS,28.0,54.0,1447.0,14.5,0.541,0.38299999999999995,0.252,3.3,18.4,10.9,8.1,1.2,0.7,8.7,23.0,1.1,2.2,3.2,0.10800000000000001,-1.0,-0.6,-1.7,0.1
201,450,Markieff Morris,PF,WAS,28.0,73.0,1968.0,13.2,0.5660000000000001,0.301,0.18600000000000003,4.3,19.2,11.8,11.0,1.4,1.7,14.6,19.5,1.2,2.1,3.3,0.08,-1.0,0.5,-0.5,0.7
202,461,Dejounte Murray,PG,SAS,21.0,81.0,1743.0,15.1,0.485,0.055999999999999994,0.243,7.0,22.4,14.6,20.2,2.8,1.5,16.6,20.7,-0.2,3.4,3.2,0.087,-2.2,3.4,1.2,1.4
203,463,Jamal Murray,PG,DEN,20.0,81.0,2565.0,16.1,0.5760000000000001,0.41100000000000003,0.23800000000000002,3.6,9.4,6.5,16.4,1.5,0.9,12.8,22.8,4.3,1.2,5.5,0.10300000000000001,1.8,-2.0,-0.2,1.2
204,464,Mike Muscala,C,ATL,26.0,53.0,1060.0,14.4,0.597,0.535,0.19899999999999998,5.9,18.3,12.1,7.3,1.4,2.2,11.0,15.7,1.5,0.9,2.4,0.11,0.0,0.2,0.2,0.6
205,466,Larry Nance,C,TOT,25.0,66.0,1421.0,20.2,0.605,0.028999999999999998,0.332,12.4,22.0,17.3,8.6,3.0,2.2,9.7,15.9,3.6,2.3,5.8,0.196,0.9,2.4,3.3,1.9
206,469,Shabazz Napier,PG,POR,26.0,74.0,1535.0,14.2,0.544,0.41100000000000003,0.26,1.9,10.1,6.0,14.6,2.6,0.7,13.2,19.5,1.2,2.0,3.2,0.10099999999999999,-0.2,0.3,0.2,0.8
207,470,Jameer Nelson,PG,TOT,35.0,50.0,1013.0,8.1,0.489,0.508,0.08199999999999999,1.4,9.5,5.6,22.8,1.3,0.3,21.0,13.7,-0.1,0.7,0.6,0.027999999999999997,-2.6,-1.5,-4.0,-0.5
208,478,Dirk Nowitzki,C,DAL,39.0,77.0,1900.0,16.7,0.575,0.445,0.142,1.2,25.2,12.8,10.4,1.1,2.1,6.0,20.5,2.6,2.2,4.8,0.121,0.1,0.3,0.3,1.1
209,480,Jusuf Nurkic,C,POR,23.0,79.0,2088.0,19.2,0.528,0.006999999999999999,0.287,10.0,26.9,18.5,11.7,1.5,4.3,14.6,26.4,0.8,3.9,4.7,0.10800000000000001,-2.6,2.8,0.3,1.2
210,481,David Nwaba,SG,CHI,25.0,70.0,1646.0,12.2,0.542,0.12300000000000001,0.48,5.6,16.0,10.6,9.4,1.7,1.6,13.1,15.6,1.1,1.4,2.4,0.071,-2.5,0.9,-1.6,0.1
211,483,Royce O'Neale,SF,UTA,24.0,69.0,1150.0,10.8,0.54,0.415,0.268,2.5,20.6,11.7,12.0,1.6,1.2,14.8,14.6,0.5,1.8,2.4,0.099,-2.4,1.7,-0.6,0.4
212,484,Kyle O'Quinn,C,NYK,27.0,77.0,1387.0,20.0,0.624,0.044000000000000004,0.33,9.7,27.8,18.8,16.8,1.3,6.1,18.5,17.0,2.7,2.1,4.8,0.166,0.2,4.3,4.5,2.3
213,485,Semi Ojeleye,PF,BOS,23.0,73.0,1150.0,4.6,0.473,0.665,0.218,3.6,11.6,7.7,2.4,0.9,0.3,10.8,9.0,-0.2,1.3,1.2,0.048,-3.6,0.1,-3.5,-0.4
214,491,Victor Oladipo,SG,IND,25.0,75.0,2552.0,23.1,0.5770000000000001,0.32299999999999995,0.27399999999999997,2.1,15.1,8.6,21.2,3.5,2.0,12.7,30.1,4.3,4.0,8.3,0.155,3.6,1.3,4.9,4.5
215,492,Kelly Olynyk,PF,MIA,26.0,76.0,1779.0,17.8,0.612,0.44,0.27399999999999997,5.6,21.6,13.6,18.7,1.7,1.7,17.1,21.7,2.8,2.7,5.5,0.14800000000000002,1.6,1.3,2.9,2.2
216,495,Kelly Oubre,SF,WAS,22.0,81.0,2231.0,11.9,0.534,0.467,0.295,3.0,15.4,9.2,6.4,1.8,1.4,9.2,19.4,1.4,2.3,3.7,0.08,-0.8,-0.4,-1.2,0.4
217,496,Zaza Pachulia,C,GSW,33.0,69.0,972.0,17.0,0.612,0.004,0.35200000000000004,11.0,25.0,18.5,15.2,1.9,1.4,19.1,17.0,1.8,1.4,3.3,0.161,-0.5,1.3,0.8,0.7
218,502,Tony Parker,PG,SAS,35.0,55.0,1071.0,12.7,0.498,0.095,0.201,0.7,9.2,4.9,28.2,1.3,0.1,13.9,20.5,0.4,1.1,1.4,0.065,-2.4,-1.7,-4.1,-0.6
219,504,Patrick Patterson,PF,OKC,28.0,82.0,1270.0,10.0,0.555,0.643,0.17300000000000001,2.7,14.6,8.4,6.1,1.9,1.6,10.3,10.8,1.2,1.4,2.6,0.098,-1.6,0.3,-1.3,0.2
220,507,Chris Paul,PG,HOU,32.0,58.0,1847.0,24.4,0.604,0.475,0.27699999999999997,2.3,16.7,9.5,40.9,2.6,0.6,12.5,24.5,7.5,2.7,10.2,0.265,6.2,0.9,7.1,4.3
221,510,Elfrid Payton,PG,TOT,23.0,63.0,1808.0,16.5,0.5379999999999999,0.138,0.252,3.8,12.8,8.2,34.9,2.2,1.0,18.5,21.9,1.4,1.4,2.8,0.075,0.1,0.0,0.1,1.0
222,521,Mason Plumlee,C,DEN,27.0,74.0,1439.0,16.9,0.586,0.003,0.489,10.4,20.9,15.6,14.4,1.7,4.7,18.7,16.6,1.8,1.8,3.6,0.12,-0.9,2.7,1.8,1.4
223,522,Miles Plumlee,C,ATL,29.0,55.0,918.0,10.6,0.574,0.0,0.33299999999999996,9.4,18.3,13.9,7.2,0.9,2.8,23.4,12.8,0.1,0.7,0.9,0.046,-3.8,1.3,-2.5,-0.1
224,523,Jakob Poeltl,C,TOR,22.0,82.0,1524.0,17.5,0.662,0.005,0.263,12.4,16.4,14.4,5.4,1.3,5.2,16.6,14.8,3.1,2.4,5.6,0.17600000000000002,0.4,2.9,3.3,2.0
225,525,Otto Porter,SF,WAS,24.0,77.0,2432.0,18.3,0.602,0.354,0.145,4.8,18.1,11.4,10.1,2.4,1.5,7.4,18.4,5.0,3.1,8.1,0.161,2.4,1.2,3.6,3.4
226,526,Bobby Portis,PF,CHI,22.0,73.0,1643.0,19.7,0.5479999999999999,0.275,0.192,10.0,23.0,16.2,13.2,1.5,1.3,10.5,26.0,2.0,1.5,3.5,0.10099999999999999,1.0,-0.6,0.3,1.0
227,528,Dwight Powell,C,DAL,26.0,79.0,1672.0,18.8,0.6559999999999999,0.195,0.43,8.7,21.3,14.7,8.5,2.0,1.7,10.3,15.5,4.6,2.1,6.6,0.191,1.1,1.6,2.7,2.0
228,529,Norman Powell,SG,TOR,24.0,70.0,1062.0,8.5,0.49200000000000005,0.49700000000000005,0.10400000000000001,1.5,10.9,6.3,11.8,1.7,1.2,14.4,18.9,-0.6,1.2,0.6,0.027000000000000003,-2.5,-0.4,-2.8,-0.2
229,536,Julius Randle,C,LAL,23.0,82.0,2190.0,19.9,0.606,0.05,0.47,8.9,22.8,15.9,15.8,0.9,1.7,16.3,25.3,4.0,2.6,6.6,0.145,0.4,0.6,0.9,1.6
230,538,Zach Randolph,PF,SAC,36.0,59.0,1508.0,17.3,0.529,0.193,0.14,7.0,23.7,15.0,14.9,1.4,0.6,12.5,27.6,0.3,1.2,1.5,0.048,-0.6,-1.2,-1.8,0.1
231,540,J.J. Redick,SG,PHI,33.0,70.0,2116.0,15.9,0.614,0.523,0.248,0.5,8.3,4.5,15.1,0.8,0.2,9.6,21.7,4.8,1.8,6.6,0.15,2.6,-2.6,0.0,1.1
232,545,Josh Richardson,SF,MIA,24.0,81.0,2689.0,13.6,0.551,0.38,0.16,2.9,9.0,6.0,13.2,2.3,2.4,12.9,18.2,1.8,3.5,5.4,0.096,-0.1,1.5,1.4,2.3
233,549,Austin Rivers,SG,LAC,25.0,61.0,2057.0,12.6,0.526,0.447,0.198,1.5,6.2,3.9,17.5,1.7,0.6,11.1,20.6,1.4,1.0,2.4,0.055999999999999994,0.8,-1.7,-0.9,0.6
234,553,Rajon Rondo,PG,NOP,31.0,65.0,1705.0,15.3,0.522,0.304,0.09300000000000001,2.0,14.2,8.4,42.2,2.0,0.5,22.7,16.9,1.9,1.7,3.6,0.10099999999999999,-0.4,-0.7,-1.1,0.4
235,558,Terry Rozier,PG,BOS,23.0,80.0,2068.0,15.1,0.52,0.503,0.18600000000000003,3.4,16.3,9.9,17.5,1.9,0.8,8.5,20.4,2.2,3.4,5.6,0.13,0.8,1.0,1.8,2.0
236,559,Ricky Rubio,PG,UTA,27.0,77.0,2254.0,15.4,0.537,0.33,0.307,2.2,15.3,8.8,28.4,2.7,0.4,18.1,22.9,1.5,3.8,5.3,0.11199999999999999,0.1,1.6,1.7,2.1
237,561,Domantas Sabonis,C,IND,21.0,74.0,1810.0,17.5,0.5670000000000001,0.055999999999999994,0.33899999999999997,10.4,25.2,17.8,12.7,1.1,1.6,15.3,22.1,2.5,2.2,4.7,0.126,-0.8,0.5,-0.2,0.8
238,563,Dario Saric,PF,PHI,23.0,78.0,2310.0,15.8,0.5820000000000001,0.44799999999999995,0.233,7.5,16.4,12.1,13.0,1.1,0.7,13.1,20.9,3.8,2.8,6.6,0.13699999999999998,1.6,-0.2,1.4,2.0
239,565,Tomas Satoransky,SG,WAS,26.0,73.0,1643.0,15.4,0.615,0.263,0.25,5.0,11.1,8.0,24.8,1.6,0.8,16.3,13.7,3.7,1.3,5.0,0.145,1.3,-0.2,1.1,1.3
240,566,Dennis Schroder,PG,ATL,24.0,67.0,2078.0,17.3,0.515,0.22899999999999998,0.231,2.4,8.8,5.6,36.2,1.7,0.2,12.7,30.4,1.5,1.0,2.6,0.059000000000000004,1.5,-2.2,-0.7,0.7
241,567,Mike Scott,PF,WAS,29.0,76.0,1406.0,13.7,0.599,0.311,0.145,4.0,15.8,9.9,9.1,0.8,0.6,12.4,20.0,1.4,1.0,2.5,0.085,-0.5,-1.8,-2.3,-0.1
242,574,Pascal Siakam,PF,TOR,23.0,81.0,1679.0,14.5,0.5489999999999999,0.265,0.175,5.4,18.6,12.1,13.5,1.8,2.0,11.1,15.7,2.1,2.5,4.7,0.133,0.0,2.2,2.1,1.7
243,576,Ben Simmons,PG,PHI,21.0,81.0,2732.0,20.0,0.557,0.011000000000000001,0.342,5.9,19.5,13.0,37.4,2.5,2.1,19.5,22.3,4.2,5.0,9.2,0.162,1.0,3.6,4.6,4.6
244,577,Jonathon Simmons,SG,ORL,28.0,69.0,2029.0,12.7,0.555,0.268,0.317,3.3,9.7,6.5,13.3,1.4,0.6,14.4,22.0,0.8,1.1,1.9,0.045,-1.0,-1.3,-2.3,-0.2
245,580,Marcus Smart,SG,BOS,23.0,54.0,1614.0,10.8,0.479,0.483,0.258,3.0,9.8,6.4,23.7,2.2,1.2,18.4,19.4,-0.6,2.5,1.9,0.055999999999999994,-1.6,1.1,-0.5,0.6
246,582,Ish Smith,PG,DET,29.0,82.0,2043.0,15.4,0.525,0.126,0.145,1.4,10.9,6.1,28.4,1.6,0.9,11.2,20.8,2.4,2.0,4.4,0.102,-0.6,-0.6,-1.2,0.4
247,583,J.R. Smith,SG,CLE,32.0,80.0,2244.0,8.5,0.534,0.64,0.094,1.5,10.1,5.9,8.6,1.5,0.4,11.6,13.8,0.6,0.9,1.4,0.031,-0.6,-1.0,-1.7,0.2
248,586,Tony Snell,SG,MIL,26.0,75.0,2053.0,8.5,0.578,0.631,0.113,0.5,7.5,4.0,6.5,1.1,1.2,7.5,10.6,1.6,0.7,2.4,0.055999999999999994,-0.5,-1.3,-1.8,0.1
249,592,Lance Stephenson,SG,IND,27.0,82.0,1850.0,12.4,0.495,0.327,0.179,3.8,22.0,12.9,18.6,1.2,0.8,14.7,21.6,-0.3,2.0,1.8,0.045,-2.0,-0.1,-2.1,0.0
250,597,Jayson Tatum,SF,BOS,19.0,80.0,2438.0,15.3,0.586,0.29,0.309,2.3,15.6,9.0,8.3,1.7,2.0,10.7,19.5,3.0,4.0,7.1,0.139,-0.5,1.5,1.0,1.8
251,598,Isaiah Taylor,PG,ATL,23.0,67.0,1167.0,10.9,0.49200000000000005,0.205,0.36200000000000004,2.1,6.9,4.5,27.0,1.4,0.7,15.7,20.1,0.2,0.5,0.6,0.027000000000000003,-2.9,-2.5,-5.4,-1.0
252,599,Jeff Teague,PG,MIN,29.0,70.0,2311.0,16.4,0.5529999999999999,0.287,0.301,1.2,9.3,5.2,30.6,2.2,0.8,16.4,20.6,3.4,1.4,4.9,0.10099999999999999,1.5,-1.3,0.2,1.3
253,602,Garrett Temple,SG,SAC,31.0,65.0,1615.0,10.2,0.536,0.47700000000000004,0.16399999999999998,1.5,9.6,5.4,11.3,1.8,1.6,13.4,16.4,0.3,0.9,1.2,0.035,-1.3,-0.6,-1.9,0.1
254,604,Jason Terry,SG,MIL,40.0,51.0,814.0,8.1,0.525,0.747,0.057999999999999996,0.7,6.2,3.5,9.7,2.6,1.4,13.7,10.1,0.1,0.6,0.7,0.042,-1.6,-0.5,-2.1,0.0
255,605,Daniel Theis,C,BOS,25.0,63.0,936.0,16.1,0.616,0.249,0.348,10.7,21.2,16.0,9.1,1.6,4.3,17.2,15.5,1.6,1.9,3.5,0.17800000000000002,-0.8,3.4,2.6,1.1
256,609,Lance Thomas,PF,NYK,29.0,73.0,1353.0,6.3,0.513,0.46399999999999997,0.19899999999999998,3.6,10.7,7.2,4.2,1.1,0.9,12.1,10.7,0.3,0.6,0.9,0.031,-2.1,-0.5,-2.6,-0.2
257,610,Klay Thompson,SG,GSW,27.0,73.0,2506.0,16.1,0.598,0.441,0.083,1.5,10.3,6.2,11.2,1.1,1.1,9.5,23.7,3.2,1.8,4.9,0.094,1.8,-2.4,-0.6,0.9
258,611,Tristan Thompson,C,CLE,26.0,53.0,1072.0,13.6,0.569,0.0,0.336,13.4,23.3,18.4,4.3,0.7,1.3,11.8,12.6,1.8,0.7,2.5,0.113,-1.6,-0.9,-2.5,-0.1
259,613,Sindarius Thornwell,SG,LAC,23.0,73.0,1156.0,8.2,0.519,0.262,0.37799999999999995,3.2,10.0,6.7,7.8,2.0,1.8,16.3,12.1,0.1,0.9,1.0,0.040999999999999995,-2.6,1.0,-1.6,0.1
260,614,Anthony Tolliver,PF,DET,32.0,79.0,1757.0,13.9,0.6629999999999999,0.773,0.282,3.1,12.3,7.6,7.5,0.9,1.1,9.9,14.8,3.8,1.5,5.3,0.146,2.3,-0.8,1.5,1.5
261,615,Karl-Anthony Towns,C,MIN,22.0,82.0,2918.0,24.9,0.6459999999999999,0.243,0.34299999999999997,9.3,30.9,20.0,10.8,1.1,3.5,10.5,22.9,10.6,3.4,14.0,0.23,4.4,1.1,5.5,5.5
262,616,P.J. Tucker,PF,HOU,32.0,82.0,2281.0,8.3,0.537,0.703,0.136,4.6,17.8,11.3,4.6,1.7,1.0,13.7,10.5,1.0,3.0,3.9,0.08199999999999999,-1.5,1.5,0.0,1.2
263,617,Evan Turner,SF,POR,29.0,79.0,2034.0,9.9,0.52,0.22899999999999998,0.185,1.6,11.4,6.5,12.4,1.1,1.2,13.7,15.6,0.5,2.1,2.6,0.061,-2.4,0.6,-1.8,0.1
264,618,Myles Turner,C,IND,21.0,65.0,1836.0,16.6,0.5670000000000001,0.24600000000000002,0.322,5.8,19.8,12.8,7.0,1.0,5.7,11.6,20.0,2.2,2.5,4.7,0.122,-1.1,1.8,0.7,1.3
265,619,Ekpe Udoh,C,UTA,30.0,63.0,810.0,15.2,0.56,0.008,0.467,9.6,11.4,10.5,9.1,2.7,7.7,12.1,9.1,1.3,1.8,3.2,0.187,-1.1,6.8,5.7,1.6
266,621,Jonas Valanciunas,C,TOR,25.0,77.0,1727.0,22.5,0.628,0.10800000000000001,0.307,12.1,30.3,21.4,7.5,0.8,3.2,12.9,22.7,4.6,3.0,7.6,0.21,0.7,0.8,1.5,1.5
267,622,Denzel Valentine,SG,CHI,24.0,77.0,2095.0,12.1,0.527,0.513,0.071,2.4,18.3,10.1,17.8,1.5,0.5,11.8,17.5,1.0,1.5,2.5,0.057,-0.4,-0.1,-0.5,0.8
268,623,Fred VanVleet,PG,TOR,23.0,76.0,1520.0,15.9,0.556,0.479,0.185,1.9,11.5,6.8,22.8,2.2,1.0,11.2,19.1,2.7,2.0,4.7,0.149,1.9,0.1,1.9,1.5
269,628,Noah Vonleh,PF,TOT,22.0,54.0,875.0,12.8,0.509,0.282,0.248,8.5,30.2,19.2,5.7,1.1,1.6,10.7,14.5,0.5,1.2,1.6,0.09,-3.4,0.3,-3.1,-0.2
270,631,Nikola Vucevic,C,ORL,27.0,57.0,1683.0,19.7,0.5329999999999999,0.243,0.11199999999999999,6.6,27.8,17.1,19.9,1.6,3.0,11.0,25.9,1.3,2.3,3.6,0.102,0.6,2.1,2.7,2.0
271,632,Dwyane Wade,SG,TOT,36.0,67.0,1536.0,15.0,0.5,0.163,0.27699999999999997,3.7,14.6,9.2,23.5,2.0,2.6,15.5,26.2,-0.4,1.6,1.1,0.036000000000000004,-2.4,0.3,-2.1,0.0
272,636,Kemba Walker,PG,CHO,27.0,80.0,2736.0,20.6,0.5720000000000001,0.441,0.308,1.2,8.7,4.9,27.4,1.6,0.7,10.4,27.4,6.5,2.0,8.5,0.15,5.1,-1.9,3.2,3.6
273,639,Taurean Waller-Prince,SF,ATL,23.0,82.0,2464.0,12.8,0.5489999999999999,0.469,0.185,2.3,15.3,8.8,13.9,1.7,1.5,15.3,22.1,0.0,2.0,2.0,0.038,-0.7,0.0,-0.7,0.8
274,643,T.J. Warren,SF,PHO,24.0,65.0,2142.0,17.6,0.541,0.085,0.24,6.1,10.5,8.3,7.2,1.5,1.5,6.7,24.9,2.6,0.8,3.4,0.077,-0.1,-1.7,-1.9,0.1
275,649,David West,C,GSW,37.0,73.0,999.0,20.9,0.6,0.021,0.209,7.7,18.2,13.3,20.5,2.3,5.9,16.2,21.7,1.8,1.7,3.5,0.168,-0.2,3.2,3.0,1.3
276,650,Russell Westbrook,PG,OKC,29.0,80.0,2914.0,24.7,0.524,0.193,0.336,5.6,25.7,15.3,49.8,2.5,0.6,16.4,34.1,5.5,4.5,10.1,0.166,5.1,3.1,8.2,7.5
277,655,Hassan Whiteside,C,MIA,28.0,54.0,1364.0,24.1,0.573,0.003,0.315,14.3,36.6,25.4,6.9,1.4,5.9,12.3,24.7,2.3,3.0,5.3,0.187,-2.1,2.3,0.2,0.8
278,656,Andrew Wiggins,SF,MIN,22.0,82.0,2979.0,13.0,0.505,0.26,0.242,3.1,10.8,6.9,8.2,1.5,1.5,8.8,23.4,0.5,1.6,2.1,0.034,-1.1,-1.4,-2.5,-0.4
279,662,Lou Williams,SG,LAC,31.0,79.0,2589.0,20.2,0.574,0.387,0.36700000000000005,1.7,6.6,4.2,26.3,1.6,0.6,13.1,29.8,5.5,1.2,6.7,0.125,3.8,-2.9,1.0,2.0
280,664,Marvin Williams,PF,CHO,31.0,78.0,2006.0,13.9,0.603,0.542,0.218,3.9,16.2,10.0,7.0,1.4,1.6,9.7,14.8,3.1,1.9,5.0,0.11900000000000001,1.1,0.5,1.7,1.9
281,671,Justise Winslow,PF,MIA,21.0,68.0,1680.0,11.5,0.496,0.264,0.213,4.3,20.4,12.3,13.0,1.6,1.7,12.6,16.3,0.2,2.4,2.6,0.075,-2.7,1.7,-1.0,0.4
282,677,Delon Wright,PG,TOR,25.0,69.0,1433.0,16.5,0.574,0.354,0.271,3.6,11.7,7.7,19.6,2.5,1.8,13.9,17.2,2.5,2.1,4.5,0.152,1.2,1.6,2.8,1.7
283,681,Nick Young,SG,GSW,32.0,80.0,1393.0,10.0,0.562,0.6679999999999999,0.133,1.7,7.9,5.0,3.5,1.3,0.4,7.2,17.6,0.8,0.9,1.7,0.057999999999999996,-0.2,-3.4,-3.7,-0.6
284,682,Thaddeus Young,PF,IND,29.0,81.0,2607.0,14.8,0.528,0.209,0.106,8.0,14.1,11.1,8.5,2.6,1.2,10.4,17.3,2.3,3.2,5.5,0.10099999999999999,0.1,1.4,1.5,2.3
285,684,Tyler Zeller,C,TOT,28.0,66.0,1109.0,16.0,0.598,0.084,0.237,11.0,19.4,15.2,6.7,0.7,2.5,11.3,16.4,2.0,0.9,2.9,0.126,-1.1,-0.5,-1.6,0.1
