,Player,Pos,Tm,TS%,3PAr,FTr,ORB%,DRB%,TRB%,AST%,STL%,BLK%,TOV%,USG%,OWS,DWS,WS,WS/48,OBPM,DBPM,BPM,VORP,label,2018-19,Guaranteed
0,Alex Abrines,SG,OKC,0.5670000000000001,0.759,0.158,2.5,8.9,5.6,3.4,1.7,0.6,7.4,12.7,1.3,1.0,2.2,0.094,-0.5,-1.7,-2.2,-0.1,5,5455236.0,5455236.0
1,Quincy Acy,PF,BRK,0.525,0.8,0.16399999999999998,3.1,17.0,10.0,6.0,1.2,1.6,13.3,14.4,-0.1,1.1,1.0,0.036000000000000004,-2.0,-0.2,-2.2,-0.1,0,0.0,0.0
2,Steven Adams,C,OKC,0.63,0.003,0.40299999999999997,16.6,13.9,15.3,5.5,1.8,2.8,13.2,16.7,6.7,3.0,9.7,0.187,2.2,1.1,3.3,3.3,1,24157303.0,77528090.0
3,Bam Adebayo,C,MIA,0.57,0.021,0.526,9.7,21.6,15.6,11.0,1.2,2.5,13.6,15.9,2.3,1.9,4.2,0.14800000000000002,-1.6,1.8,0.2,0.8,1,2955840.0,2955840.0
4,LaMarcus Aldridge,C,SAS,0.57,0.068,0.29600000000000004,10.8,17.3,14.0,11.3,0.9,3.0,6.8,29.1,7.4,3.5,10.9,0.209,3.0,0.3,3.3,3.3,8,22347015.0,55347015.0
5,Jarrett Allen,C,BRK,0.636,0.038,0.37,10.5,18.2,14.3,5.4,0.9,4.6,15.1,16.3,2.7,1.5,4.2,0.141,-1.3,1.4,0.2,0.8,1,2034120.0,2034120.0
6,Al-Farouq Aminu,PF,POR,0.522,0.5820000000000001,0.13699999999999998,5.2,22.3,13.8,5.8,1.9,1.6,11.3,14.8,0.9,3.2,4.2,0.09699999999999999,-0.8,1.9,1.1,1.6,2,6957105.0,6957105.0
7,Kyle Anderson,SF,SAS,0.5820000000000001,0.13,0.33299999999999996,4.7,17.6,11.1,14.7,2.9,2.5,15.8,13.5,2.4,3.8,6.2,0.151,-0.3,4.3,4.1,3.0,6,8641000.0,37156300.0
8,Ryan Anderson,PF,HOU,0.5920000000000001,0.706,0.19399999999999998,6.2,15.4,10.8,5.1,0.7,1.0,7.5,14.4,3.1,1.7,4.8,0.132,1.0,-0.8,0.2,1.0,2,20421546.0,41686181.0
9,Giannis Antetokounmpo,PF,MIL,0.598,0.1,0.457,6.7,25.3,16.0,23.7,2.0,3.3,11.7,31.2,8.3,3.6,11.9,0.207,3.9,1.9,5.8,5.4,8,24157303.0,77528090.0
10,Carmelo Anthony,PF,OKC,0.503,0.406,0.165,2.9,17.7,10.0,6.5,0.9,1.8,7.3,23.2,1.2,2.5,3.7,0.071,-1.9,-1.9,-3.8,-1.1,0,27928140.0,27928140.0
11,OG Anunoby,SF,TOR,0.5870000000000001,0.569,0.179,3.4,10.4,7.0,5.0,1.7,0.8,10.8,12.4,1.4,1.6,3.0,0.098,0.2,0.4,0.6,1.0,5,1952760.0,1952760.0
12,Trevor Ariza,SF,HOU,0.5670000000000001,0.71,0.13699999999999998,1.7,12.9,7.3,6.8,2.1,0.5,7.0,14.4,2.6,2.8,5.3,0.113,0.8,0.7,1.5,2.0,2,15000000.0,15000000.0
13,D.J. Augustin,PG,ORL,0.615,0.504,0.35,1.9,8.2,5.0,24.4,1.5,0.0,16.5,18.6,3.3,0.8,4.1,0.11,1.5,-2.5,-0.9,0.5,9,7250000.0,14500000.0
14,Lonzo Ball,PG,LAL,0.444,0.523,0.126,4.2,17.3,10.8,29.2,2.4,2.0,18.6,17.4,-0.5,2.5,2.0,0.053,-0.8,2.5,1.7,1.7,3,7461960.0,7461960.0
15,J.J. Barea,PG,DAL,0.545,0.45399999999999996,0.14800000000000002,1.0,13.4,7.0,45.1,1.1,0.2,16.3,24.9,2.3,1.0,3.3,0.098,2.4,-2.3,0.1,0.8,9,3710850.0,3710850.0
16,Harrison Barnes,PF,DAL,0.539,0.276,0.259,3.1,17.1,9.9,9.9,0.9,0.5,8.1,25.2,2.0,1.9,3.8,0.07,-0.7,-1.4,-2.1,-0.1,5,24107258.0,24107258.0
17,Will Barton,SG,DEN,0.562,0.41100000000000003,0.22,3.0,14.2,8.6,18.5,1.5,1.6,11.7,20.7,4.4,1.8,6.2,0.111,1.6,-0.6,1.0,2.0,9,12000000.0,38880000.0
18,Nicolas Batum,SG,CHO,0.523,0.42200000000000004,0.2,3.1,13.8,8.4,26.2,1.6,1.0,15.6,18.3,1.7,1.8,3.5,0.084,0.9,0.5,1.4,1.7,3,24000000.0,49565217.0
19,Aron Baynes,C,BOS,0.502,0.047,0.175,9.7,22.1,16.0,9.6,0.7,2.9,14.3,16.8,0.5,2.5,3.0,0.09699999999999999,-3.8,2.1,-1.7,0.1,4,5193600.0,5193600.0
20,Kent Bazemore,SG,ATL,0.547,0.405,0.297,1.6,13.9,7.7,20.1,2.7,2.2,17.0,22.5,0.2,2.0,2.2,0.059000000000000004,-0.6,1.1,0.4,1.1,3,18089887.0,18089887.0
21,Bradley Beal,SG,WAS,0.564,0.35700000000000004,0.248,2.3,11.5,6.9,21.0,1.6,1.1,11.5,27.6,4.4,2.5,6.9,0.11199999999999999,2.7,-1.0,1.7,2.7,9,25434263.0,81279057.0
22,Michael Beasley,PF,NYK,0.556,0.107,0.19699999999999998,6.5,21.2,13.9,12.5,1.1,2.3,14.0,26.9,0.9,1.5,2.4,0.069,-1.0,-0.4,-1.5,0.2,4,3500000.0,3500000.0
23,Marco Belinelli,SG,TOT,0.5820000000000001,0.518,0.214,1.1,7.3,4.2,11.9,1.6,0.5,10.1,20.7,2.4,1.3,3.7,0.092,0.8,-2.1,-1.3,0.3,5,6153846.0,12000000.0
24,Marco Belinelli,SG,ATL,0.555,0.51,0.225,1.2,7.9,4.6,13.5,1.9,0.2,9.2,21.2,1.3,0.6,1.9,0.075,0.6,-2.3,-1.7,0.1,5,6153846.0,12000000.0
25,Jordan Bell,C,GSW,0.6409999999999999,0.022000000000000002,0.23800000000000002,8.9,19.0,14.3,16.9,2.1,5.5,20.0,13.9,1.6,1.4,2.9,0.174,0.0,3.7,3.7,1.2,1,1378252.0,1378252.0
26,Dragan Bender,PF,PHO,0.524,0.665,0.105,2.0,16.8,9.3,8.9,0.5,2.1,18.1,12.7,-0.7,0.8,0.1,0.001,-2.7,0.0,-2.7,-0.4,0,4661280.0,4661280.0
27,Davis Bertans,PF,SAS,0.588,0.6890000000000001,0.134,1.8,13.9,7.8,10.3,1.2,2.1,8.5,17.4,1.6,1.4,3.1,0.135,1.2,-0.3,1.0,0.8,2,7000000.0,14000000.0
28,Bismack Biyombo,C,ORL,0.556,0.003,0.446,10.5,24.0,17.2,6.5,0.7,5.1,16.6,14.9,1.1,1.8,2.9,0.094,-3.7,2.1,-1.6,0.2,4,17000000.0,17000000.0
29,Nemanja Bjelica,PF,MIN,0.581,0.493,0.121,4.4,18.8,11.5,8.7,1.8,1.0,11.7,14.3,1.7,1.1,2.8,0.09699999999999999,0.6,-0.1,0.5,0.9,2,0.0,0.0
30,Eric Bledsoe,PG,TOT,0.5820000000000001,0.364,0.322,2.6,11.7,7.1,25.7,3.2,1.5,16.1,26.1,3.1,2.5,5.6,0.11599999999999999,2.4,-0.3,2.1,2.4,6,15000000.0,15000000.0
31,Eric Bledsoe,PG,MIL,0.585,0.366,0.32,2.5,11.9,7.2,26.0,3.2,1.5,16.0,26.0,3.2,2.4,5.7,0.121,2.6,-0.2,2.4,2.5,6,15000000.0,15000000.0
32,Bogdan Bogdanovic,SG,SAC,0.556,0.426,0.154,1.6,10.5,5.8,18.3,1.7,0.7,13.2,19.6,1.8,1.1,2.9,0.064,0.5,-1.5,-1.0,0.6,5,9000000.0,17529386.0
33,Bojan Bogdanovic,SF,IND,0.605,0.45299999999999996,0.24100000000000002,1.4,10.9,6.2,7.1,1.1,0.3,10.1,19.0,3.8,1.6,5.4,0.105,1.1,-1.9,-0.7,0.8,5,10500000.0,10500000.0
34,Devin Booker,SG,PHO,0.561,0.364,0.312,1.5,12.7,7.0,24.4,1.2,0.6,13.9,31.7,1.9,0.6,2.4,0.063,2.9,-2.4,0.4,1.2,9,3314365.0,3314365.0
35,Trevor Booker,PF,TOT,0.557,0.096,0.271,11.1,18.6,14.9,10.8,1.2,1.5,13.3,16.6,1.6,1.3,2.9,0.121,-1.0,0.5,-0.5,0.4,4,0.0,0.0
36,Corey Brewer,SF-SG,TOT,0.534,0.348,0.285,3.8,10.0,6.9,7.5,3.2,1.0,12.1,14.3,0.7,1.6,2.3,0.091,-1.6,1.0,-0.6,0.4,3,0.0,0.0
37,Dillon Brooks,SF,MEM,0.531,0.342,0.215,2.4,10.5,6.3,9.3,1.6,0.7,12.8,18.5,0.1,1.1,1.2,0.024,-1.8,-1.3,-3.1,-0.7,0,1378242.0,1378242.0
38,Jaylen Brown,SG,BOS,0.562,0.381,0.29,3.4,14.0,8.8,8.5,1.6,1.0,12.0,21.4,1.2,3.2,4.5,0.1,-0.6,0.4,-0.2,1.0,2,5169960.0,5169960.0
39,Reggie Bullock,SF,DET,0.615,0.515,0.09,1.7,8.3,4.9,8.4,1.4,0.7,7.6,15.7,2.8,1.4,4.2,0.11699999999999999,1.3,-0.7,0.7,1.2,5,2500000.0,2500000.0
40,Alec Burks,SG,UTA,0.527,0.34299999999999997,0.3,2.1,18.4,10.3,10.0,1.8,0.6,11.4,22.5,0.2,1.6,1.9,0.084,-2.5,-0.3,-2.8,-0.2,0,11536515.0,11536515.0
41,Jimmy Butler,SG,MIN,0.59,0.217,0.461,4.2,12.7,8.4,20.6,2.7,1.0,8.9,24.9,7.1,1.8,8.9,0.198,4.9,0.1,5.0,3.8,7,20445779.0,20445779.0
42,Jose Calderon,PG,CLE,0.643,0.524,0.162,1.7,8.5,5.2,17.4,1.4,0.2,17.1,11.6,1.5,0.3,1.8,0.095,0.1,-2.0,-1.9,0.0,5,2393887.0,2393887.0
43,Kentavious Caldwell-Pope,SG,LAL,0.561,0.52,0.243,2.6,14.1,8.4,9.4,2.1,0.5,9.9,16.9,2.6,2.7,5.3,0.10300000000000001,0.6,0.4,1.0,1.9,2,12000000.0,12000000.0
44,Clint Capela,C,HOU,0.65,0.001,0.38,13.5,30.8,22.2,5.7,1.4,5.7,11.5,19.4,6.2,4.1,10.2,0.242,0.1,2.9,3.0,2.6,8,0.0,0.0
45,DeMarre Carroll,SF,BRK,0.55,0.498,0.313,5.1,18.4,11.7,10.5,1.3,1.0,10.3,19.8,2.3,1.8,4.1,0.091,0.4,-0.3,0.2,1.2,2,15400000.0,15400000.0
46,Vince Carter,SF,SAC,0.523,0.583,0.131,1.9,15.1,8.2,9.7,2.1,2.4,10.7,14.7,0.3,0.9,1.2,0.055999999999999994,-1.5,0.4,-1.1,0.2,0,0.0,0.0
47,Michael Carter-Williams,PG,CHO,0.446,0.258,0.389,4.7,13.3,8.9,19.4,2.6,2.3,16.2,16.6,-0.2,1.1,0.9,0.05,-2.6,2.0,-0.6,0.3,3,1757429.0,1200000.0
48,Willie Cauley-Stein,C,SAC,0.529,0.016,0.32,7.0,22.0,14.2,13.7,1.9,3.1,11.0,21.8,1.7,2.2,3.9,0.092,-1.3,1.7,0.4,1.2,4,4696875.0,4696875.0
49,Mario Chalmers,PG,MEM,0.503,0.431,0.312,1.0,12.0,6.4,21.5,2.8,0.9,18.8,19.6,-0.6,1.3,0.6,0.021,-2.2,-0.5,-2.7,-0.3,3,0.0,0.0
50,Wilson Chandler,SF,DEN,0.542,0.39,0.18100000000000002,4.9,14.1,9.6,9.5,0.9,1.4,11.9,14.3,2.1,1.2,3.3,0.067,-0.5,-0.4,-0.9,0.6,5,12800562.0,12800562.0
51,Marquese Chriss,PF,PHO,0.509,0.39799999999999996,0.331,5.2,22.7,13.8,8.1,1.6,3.7,16.4,18.1,-0.8,1.5,0.7,0.023,-3.3,1.3,-2.0,0.0,4,3206160.0,3206160.0
52,Ian Clark,SG,NOP,0.529,0.39399999999999996,0.11900000000000001,0.8,8.4,4.7,10.4,1.1,0.5,9.9,17.2,0.3,0.8,1.1,0.037000000000000005,-2.0,-2.0,-3.9,-0.7,0,1709538.0,1709538.0
53,Jordan Clarkson,SG,TOT,0.542,0.33299999999999996,0.19899999999999998,3.3,9.1,6.2,19.3,1.5,0.3,10.9,26.5,1.9,1.2,3.0,0.077,0.8,-2.7,-1.9,0.1,5,12500000.0,25937500.0
54,Jordan Clarkson,SG,LAL,0.532,0.315,0.198,3.8,9.7,6.7,22.9,1.5,0.2,11.6,27.7,1.1,1.0,2.1,0.08,1.0,-2.3,-1.3,0.2,5,12500000.0,25937500.0
55,John Collins,PF,ATL,0.62,0.086,0.341,11.0,22.8,16.9,8.9,1.3,3.8,14.3,17.9,3.4,2.0,5.4,0.145,-0.2,1.9,1.7,1.7,1,2299080.0,2299080.0
56,Zach Collins,C,POR,0.475,0.391,0.145,4.7,18.2,11.5,7.1,0.8,2.4,15.9,15.4,-0.7,1.3,0.6,0.03,-4.1,0.9,-3.2,-0.3,0,3628920.0,3628920.0
57,Darren Collison,PG,IND,0.61,0.321,0.226,2.1,7.8,5.0,26.4,2.3,0.7,10.9,17.4,5.8,1.8,7.6,0.18100000000000002,3.1,-1.0,2.2,2.1,9,10000000.0,10000000.0
58,Pat Connaughton,SG,POR,0.539,0.5379999999999999,0.113,2.7,9.1,5.9,8.7,0.8,1.2,9.5,13.4,1.2,1.3,2.5,0.08,-0.9,-0.4,-1.3,0.3,5,0.0,0.0
59,Robert Covington,SF,PHI,0.563,0.6579999999999999,0.163,2.4,15.5,9.2,8.7,2.6,2.4,12.3,17.2,1.6,4.5,6.1,0.11599999999999999,0.4,2.1,2.5,2.9,6,10464092.0,46879127.0
60,Allen Crabbe,SG,BRK,0.5579999999999999,0.643,0.163,1.3,14.4,7.8,8.4,1.0,1.2,8.1,19.0,1.8,1.4,3.2,0.07,0.4,-1.2,-0.8,0.7,5,18500000.0,18500000.0
61,Jamal Crawford,SG,MIN,0.519,0.423,0.152,1.4,5.5,3.5,16.9,1.2,0.5,10.7,23.7,0.9,0.3,1.3,0.037000000000000005,0.0,-4.0,-3.9,-0.8,5,2304226.0,2304226.0
62,Jae Crowder,SF,TOT,0.525,0.508,0.221,3.2,11.5,7.4,6.9,1.5,0.9,9.1,17.3,1.0,1.6,2.6,0.06,-0.8,-0.9,-1.7,0.1,5,7305825.0,15121358.0
63,Jae Crowder,SF,CLE,0.545,0.503,0.245,3.5,10.8,7.2,6.0,1.5,0.8,9.2,15.1,1.1,0.6,1.7,0.059000000000000004,-0.6,-1.2,-1.8,0.1,5,7305825.0,15121358.0
64,Dante Cunningham,SF,TOT,0.539,0.462,0.14300000000000002,5.5,14.9,10.3,4.3,1.2,1.5,7.9,11.6,1.1,1.3,2.4,0.07400000000000001,-1.4,0.1,-1.4,0.2,5,2500000.0,2500000.0
65,Dante Cunningham,SF,NOP,0.525,0.48,0.16,5.0,13.4,9.4,3.0,1.2,1.1,6.2,10.0,0.7,0.9,1.6,0.067,-1.6,-0.1,-1.7,0.1,5,2500000.0,2500000.0
66,Stephen Curry,PG,GSW,0.675,0.58,0.35,2.7,14.4,9.0,30.3,2.4,0.4,13.3,31.0,7.2,1.8,9.1,0.267,9.9,-1.3,8.6,4.4,7,37457154.0,166476240.0
67,Troy Daniels,SG,PHO,0.583,0.797,0.111,0.8,7.7,4.2,4.5,0.8,0.2,8.5,17.2,1.4,0.0,1.4,0.042,0.7,-3.6,-2.9,-0.4,5,3258540.0,3258540.0
68,Anthony Davis,PF,NOP,0.612,0.111,0.409,7.7,24.8,16.5,10.8,2.0,5.6,8.6,30.0,8.8,4.9,13.7,0.24100000000000002,2.8,2.3,5.2,4.9,8,25434263.0,52527282.0
69,Deyonta Davis,C,MEM,0.621,0.0,0.215,9.0,22.0,15.3,7.1,0.8,3.9,9.9,15.3,1.9,0.8,2.7,0.138,-1.3,0.4,-0.9,0.3,4,1544951.0,1544951.0
70,Ed Davis,C,POR,0.607,0.003,0.38,13.7,28.8,21.3,3.9,1.1,2.9,16.2,12.1,2.5,2.5,5.0,0.16399999999999998,-1.8,1.8,0.0,0.7,1,4400000.0,4400000.0
71,Dewayne Dedmon,C,ATL,0.599,0.29600000000000004,0.18,7.2,28.1,17.7,9.2,1.3,2.8,14.3,17.0,1.8,1.9,3.7,0.114,-1.0,1.6,0.5,1.0,4,6300000.0,6300000.0
72,Sam Dekker,PF,LAC,0.534,0.23199999999999998,0.21600000000000003,5.6,16.0,10.8,6.2,1.3,0.9,10.4,15.5,0.6,0.6,1.2,0.066,-2.1,-1.0,-3.1,-0.2,0,2760095.0,2760095.0
73,Malcolm Delaney,PG,ATL,0.519,0.435,0.32299999999999995,1.0,10.0,5.5,23.4,1.7,0.5,16.9,16.9,0.4,0.6,1.0,0.047,-2.0,-1.5,-3.6,-0.4,0,0.0,0.0
74,DeMar DeRozan,SG,TOR,0.555,0.20199999999999999,0.396,2.5,10.4,6.5,25.0,1.5,0.6,9.5,29.6,6.8,2.8,9.6,0.17,2.7,-0.9,1.8,2.6,9,27739975.0,55479950.0
75,Gorgui Dieng,C,MIN,0.5429999999999999,0.157,0.263,9.1,22.2,15.6,7.5,1.7,2.6,12.0,16.3,1.6,1.3,2.9,0.105,-1.0,0.6,-0.4,0.5,4,15170787.0,48687640.0
76,Spencer Dinwiddie,PG,BRK,0.527,0.517,0.32,1.8,10.2,6.0,35.0,1.4,0.7,11.8,20.3,4.3,1.4,5.7,0.11800000000000001,2.1,-1.8,0.2,1.3,9,1656092.0,0.0
77,Tyler Dorsey,SG,ATL,0.494,0.521,0.165,2.0,12.9,7.4,12.5,0.9,0.4,8.3,20.0,0.0,0.4,0.4,0.02,-1.8,-2.5,-4.2,-0.5,0,1378242.0,1378242.0
78,Goran Dragic,PG,MIA,0.5429999999999999,0.27899999999999997,0.252,2.5,12.0,7.2,25.4,1.3,0.4,12.2,25.7,2.9,2.3,5.3,0.106,1.0,-1.1,-0.1,1.2,9,18109175.0,18109175.0
79,Andre Drummond,C,DET,0.555,0.012,0.44799999999999995,16.4,36.4,26.2,14.3,2.2,4.3,15.9,21.2,4.6,5.7,10.3,0.18899999999999997,0.2,5.3,5.5,5.0,8,25434263.0,52527282.0
80,Kris Dunn,PG,CHI,0.488,0.201,0.17300000000000001,1.6,14.4,7.8,33.3,3.3,1.6,17.3,24.7,-1.0,1.9,0.8,0.027000000000000003,-1.4,1.4,-0.1,0.7,3,4221000.0,4221000.0
81,Kevin Durant,PF,GSW,0.64,0.33799999999999997,0.331,1.6,19.5,11.2,25.5,1.0,4.0,12.9,30.4,7.5,2.9,10.4,0.215,5.0,0.7,5.6,4.5,7,30000000.0,30000000.0
82,Wayne Ellington,SG,MIA,0.588,0.8270000000000001,0.111,1.3,10.7,6.0,5.9,1.3,0.3,6.6,17.3,2.6,1.9,4.5,0.105,1.8,-1.8,0.0,1.0,5,6270000.0,6270000.0
83,Joel Embiid,C,PHI,0.573,0.203,0.442,8.4,29.7,19.4,18.0,1.0,4.8,15.6,33.4,2.3,3.8,6.2,0.155,0.1,2.5,2.6,2.2,1,25250000.0,0.0
84,James Ennis,SF,TOT,0.588,0.39799999999999996,0.302,5.1,11.0,8.0,6.6,1.5,1.0,11.4,13.7,2.0,1.1,3.1,0.092,-0.6,-0.5,-1.1,0.4,5,1621415.0,1621415.0
85,Tyreke Evans,PG,MEM,0.561,0.354,0.258,3.1,16.3,9.5,31.2,1.8,1.0,11.5,28.4,3.1,1.2,4.2,0.126,4.4,-0.8,3.6,2.3,9,12000000.0,12000000.0
86,Derrick Favors,C,UTA,0.593,0.09,0.306,10.6,18.5,14.6,7.8,1.3,3.2,9.9,18.5,4.5,3.5,8.0,0.179,0.5,2.2,2.7,2.5,1,16900000.0,16000000.0
87,Cristiano Felicio,C,CHI,0.614,0.009000000000000001,0.377,8.8,17.1,12.8,8.4,0.8,1.0,17.7,13.6,1.2,0.5,1.7,0.086,-2.3,-0.1,-2.4,-0.1,4,8470980.0,24156500.0
88,Raymond Felton,PG,OKC,0.494,0.41700000000000004,0.08,2.0,11.0,6.3,22.5,1.8,1.1,11.7,20.4,0.9,1.3,2.2,0.078,-1.1,-1.7,-2.8,-0.3,0,2393887.0,2393887.0
89,Yogi Ferrell,SG,DAL,0.54,0.49200000000000005,0.141,1.2,11.2,6.1,13.5,1.4,0.4,9.1,17.0,1.5,1.5,3.0,0.064,-0.4,-0.6,-1.0,0.6,5,0.0,0.0
90,Bryn Forbes,SG,SAS,0.525,0.45899999999999996,0.145,0.9,7.2,4.0,7.8,0.9,0.1,6.5,16.7,0.8,1.3,2.1,0.067,-1.2,-1.9,-3.1,-0.4,5,3125000.0,6000000.0
91,Evan Fournier,SF,ORL,0.5770000000000001,0.418,0.21600000000000003,1.4,9.5,5.4,14.8,1.3,0.7,9.8,23.3,2.4,0.9,3.3,0.087,1.6,-2.1,-0.4,0.7,5,17000000.0,34000000.0
92,Tim Frazier,PG,WAS,0.475,0.326,0.174,2.4,13.1,7.8,31.1,2.8,0.7,23.5,12.8,0.4,1.0,1.4,0.08,-2.4,0.3,-2.1,0.0,3,0.0,0.0
93,Langston Galloway,SG,DET,0.503,0.6409999999999999,0.121,1.6,10.3,5.9,10.1,2.0,0.5,4.8,19.3,0.5,0.9,1.4,0.08,-0.2,-1.6,-1.7,0.1,5,7000000.0,14333333.0
94,Marc Gasol,C,MEM,0.532,0.31,0.326,3.7,25.3,14.2,21.7,1.1,3.9,14.1,25.6,1.5,2.6,4.0,0.08,-0.1,1.6,1.5,2.1,4,24119025.0,24119025.0
95,Pau Gasol,C,SAS,0.539,0.191,0.33299999999999996,7.8,30.2,19.0,20.1,0.7,3.6,13.1,20.4,2.7,3.3,6.0,0.159,-0.1,3.3,3.2,2.4,1,16000000.0,22700000.0
96,Rudy Gay,PF,SAS,0.545,0.22,0.27,6.8,19.5,13.1,9.8,1.9,2.6,11.5,24.6,1.0,2.1,3.1,0.12300000000000001,-0.7,1.0,0.3,0.7,4,10087200.0,10087200.0
97,Paul George,SF,OKC,0.57,0.45399999999999996,0.308,2.7,14.9,8.6,14.5,2.8,1.2,12.2,25.7,5.0,3.9,8.9,0.14800000000000002,2.5,0.0,2.6,3.3,6,30560700.0,99016668.0
98,Taj Gibson,PF,MIN,0.61,0.047,0.251,8.1,16.7,12.4,5.2,1.1,1.9,9.8,14.7,5.4,1.7,7.2,0.126,0.9,0.2,1.1,2.1,2,14000000.0,14000000.0
99,Manu Ginobili,SG,SAS,0.5529999999999999,0.415,0.28300000000000003,1.6,10.6,6.1,19.1,1.7,1.0,16.8,21.5,0.6,1.6,2.2,0.08199999999999999,-0.5,-0.5,-1.0,0.3,3,2500000.0,2500000.0
100,Rudy Gobert,C,UTA,0.657,0.0,0.6729999999999999,10.4,27.0,18.8,6.9,1.2,6.0,15.7,16.9,4.2,3.9,8.1,0.214,-0.3,4.6,4.3,2.9,1,23491573.0,75025281.0
101,Aaron Gordon,PF,ORL,0.53,0.395,0.26,5.0,21.5,13.2,11.7,1.5,1.9,10.0,24.7,0.9,2.0,2.9,0.07200000000000001,0.0,0.0,0.0,1.0,2,21000000.0,84000000.0
102,Eric Gordon,SG,HOU,0.578,0.627,0.248,1.3,7.5,4.4,11.7,1.0,1.1,10.8,24.7,2.9,1.8,4.7,0.105,1.4,-2.4,-1.0,0.5,5,13500375.0,27558105.0
103,Marcin Gortat,C,WAS,0.546,0.0,0.29100000000000004,9.9,24.0,17.0,10.6,1.0,2.6,13.5,15.5,2.4,2.4,4.9,0.113,-1.6,1.9,0.3,1.2,4,13565218.0,13565218.0
104,Treveon Graham,SG,CHO,0.5529999999999999,0.439,0.267,4.3,8.3,6.2,7.8,1.5,0.2,9.9,11.3,1.1,0.7,1.8,0.08,-0.6,-0.3,-0.9,0.3,5,0.0,0.0
105,Jerami Grant,PF,OKC,0.607,0.24100000000000002,0.526,5.6,16.3,10.7,5.1,0.9,4.2,8.8,16.0,3.5,1.9,5.4,0.156,-0.8,0.2,-0.6,0.6,1,8653847.0,18000000.0
106,Jerian Grant,PG,CHI,0.528,0.373,0.373,1.9,9.3,5.5,30.1,1.8,0.4,13.2,17.4,2.3,1.0,3.3,0.094,-0.1,-1.8,-2.0,0.0,9,2639314.0,2639314.0
107,Danny Green,SG,SAS,0.509,0.57,0.11599999999999999,2.5,13.0,7.7,8.9,1.8,3.7,11.2,16.6,0.1,2.9,2.9,0.078,-1.1,2.2,1.2,1.4,3,10000000.0,10000000.0
108,Draymond Green,PF,GSW,0.556,0.414,0.27899999999999997,3.9,21.1,13.1,29.0,2.0,3.1,22.5,17.2,2.6,3.4,6.1,0.127,0.4,2.7,3.2,3.0,6,17469565.0,36008695.0
109,JaMychal Green,PF,MEM,0.53,0.26,0.22699999999999998,10.8,24.4,17.4,8.3,1.0,1.5,12.4,17.8,1.3,1.3,2.6,0.079,-1.2,-0.4,-1.5,0.2,4,7866667.0,7866667.0
110,Jeff Green,PF,CLE,0.5870000000000001,0.275,0.379,3.7,11.2,7.6,8.0,1.1,1.6,9.4,19.3,3.1,0.8,3.9,0.10300000000000001,-0.2,-1.7,-1.9,0.1,5,2393887.0,2393887.0
111,Blake Griffin,PF,TOT,0.544,0.32299999999999995,0.331,4.1,19.8,12.0,28.1,1.0,0.8,12.6,28.9,3.2,1.8,4.9,0.12,2.9,-0.1,2.8,2.4,9,31873932.0,102704892.0
112,Tim Hardaway,SG,NYK,0.5329999999999999,0.479,0.209,1.9,11.3,6.6,12.7,1.6,0.5,9.0,23.8,1.6,1.1,2.6,0.067,1.7,-1.8,-0.1,0.9,5,17325000.0,35475000.0
113,James Harden,SG,HOU,0.619,0.498,0.502,1.8,15.2,8.6,45.1,2.4,1.7,15.1,36.1,11.6,3.8,15.4,0.289,9.6,1.3,10.9,8.3,7,30431854.0,152903854.0
114,Maurice Harkless,SF,POR,0.596,0.397,0.19899999999999998,4.0,9.9,7.0,6.0,1.9,2.8,11.0,12.6,1.6,1.7,3.2,0.12300000000000001,-0.2,2.0,1.8,1.2,2,10837079.0,22348313.0
115,Montrezl Harrell,C,LAC,0.647,0.013000000000000001,0.405,8.9,17.0,13.0,10.1,1.4,3.4,9.5,23.8,4.3,1.3,5.5,0.205,2.4,0.0,2.4,1.5,1,6000000.0,12000000.0
116,Devin Harris,PG,TOT,0.563,0.5,0.374,1.0,9.8,5.3,16.9,1.8,0.8,12.6,20.2,1.6,0.9,2.5,0.09,-0.1,-1.9,-2.0,0.0,5,0.0,0.0
117,Gary Harris,SG,DEN,0.597,0.434,0.17800000000000002,1.8,6.8,4.3,13.0,2.6,0.5,10.8,20.7,3.9,1.5,5.5,0.114,2.4,-1.5,0.9,1.7,9,16517857.0,74000000.0
118,Joe Harris,SG,BRK,0.634,0.5760000000000001,0.16699999999999998,2.7,11.3,7.0,10.2,0.9,0.8,12.0,16.6,3.0,0.9,4.0,0.09699999999999999,1.3,-1.2,0.1,1.1,5,8000000.0,16000000.0
119,Tobias Harris,PF,TOT,0.565,0.364,0.177,2.4,15.7,9.0,11.8,1.3,1.1,7.4,23.3,4.2,2.5,6.7,0.12,1.5,-0.8,0.7,1.8,2,14800000.0,14800000.0
120,Andrew Harrison,PG,MEM,0.534,0.331,0.371,2.0,9.7,5.7,21.3,1.4,1.8,14.0,19.6,1.0,0.7,1.7,0.062,-0.9,-1.5,-2.5,-0.2,0,1544951.0,0.0
121,Josh Hart,SG,LAL,0.596,0.525,0.251,3.1,16.0,9.6,7.6,1.5,0.9,10.1,13.5,1.9,1.5,3.4,0.111,-0.3,0.2,-0.1,0.7,2,1655160.0,1655160.0
122,John Henson,C,MIL,0.5820000000000001,0.013999999999999999,0.315,9.0,21.5,15.3,8.6,1.1,4.7,12.8,15.0,2.8,2.2,4.9,0.12,-1.4,1.8,0.4,1.2,1,10577466.0,20309862.0
123,Mario Hezonja,SF,ORL,0.544,0.433,0.17,2.7,16.1,9.3,10.0,2.4,1.5,11.5,19.9,0.5,1.8,2.3,0.066,-1.0,0.2,-0.8,0.5,3,6500000.0,6500000.0
124,Buddy Hield,SG,SAC,0.557,0.43700000000000006,0.087,3.0,14.8,8.6,12.8,2.1,1.0,11.3,24.3,1.3,1.5,2.8,0.067,1.2,-1.4,-0.2,0.9,5,3833760.0,3833760.0
125,George Hill,PG,TOT,0.58,0.4,0.273,2.6,8.9,5.7,15.0,1.7,1.3,13.3,16.3,2.3,0.9,3.2,0.085,0.3,-0.9,-0.6,0.6,5,19000000.0,20000000.0
126,Jrue Holiday,SG,NOP,0.57,0.28600000000000003,0.191,2.4,10.8,6.8,24.9,2.0,1.7,13.6,23.1,4.2,2.9,7.1,0.11599999999999999,1.8,0.3,2.1,3.0,6,26131111.0,78393333.0
127,Justin Holiday,SG,CHI,0.513,0.574,0.21,1.4,12.8,6.9,10.1,1.7,1.2,9.8,18.2,0.1,1.6,1.7,0.036000000000000004,-1.0,-0.3,-1.3,0.4,0,4384616.0,4384616.0
128,Rondae Hollis-Jefferson,SF,BRK,0.5479999999999999,0.075,0.436,5.5,20.0,12.7,14.2,1.6,1.9,12.3,22.2,2.1,2.0,4.1,0.10300000000000001,-1.5,1.1,-0.4,0.8,4,2470357.0,2470357.0
129,Rodney Hood,SG,TOT,0.546,0.44299999999999995,0.172,1.6,9.9,5.8,9.7,1.4,0.6,8.0,24.3,1.2,1.5,2.7,0.081,0.2,-2.2,-2.0,0.0,5,0.0,0.0
130,Al Horford,C,BOS,0.575,0.3,0.159,5.0,20.2,12.7,23.6,0.9,2.9,14.1,18.4,4.0,3.8,7.8,0.165,1.1,2.9,4.0,3.5,6,28928710.0,28928710.0
131,Dwight Howard,C,CHO,0.5770000000000001,0.008,0.639,11.0,33.8,22.2,7.1,1.0,4.4,15.1,24.2,2.9,3.9,6.8,0.132,-2.0,1.7,-0.3,1.1,1,18919725.0,18919725.0
132,Dwight Howard,C,CHO,0.5770000000000001,0.008,0.639,11.0,33.8,22.2,7.1,1.0,4.4,15.1,24.2,2.9,3.9,6.8,0.132,-2.0,1.7,-0.3,1.1,1,5337000.0,5337000.0
133,Josh Huestis,PF,OKC,0.41700000000000004,0.632,0.11,4.6,13.9,9.1,2.7,0.8,4.0,12.0,9.5,-0.5,1.0,0.5,0.024,-4.6,0.7,-3.9,-0.5,0,0.0,0.0
134,Serge Ibaka,PF,TOR,0.574,0.379,0.151,4.3,21.0,12.8,4.4,0.7,3.8,9.7,19.4,2.1,3.0,5.1,0.11699999999999999,-0.8,0.6,-0.2,1.0,2,21666667.0,44938271.0
135,Andre Iguodala,SF,GSW,0.536,0.366,0.272,3.7,12.6,8.5,16.2,1.6,1.9,15.8,11.5,1.6,1.6,3.2,0.094,-0.7,0.9,0.2,0.9,3,16000000.0,33185185.0
136,Ersan Ilyasova,PF,TOT,0.5579999999999999,0.413,0.22,7.6,18.0,12.9,7.9,1.7,1.3,9.7,18.7,2.2,1.9,4.0,0.11199999999999999,0.2,-0.1,0.1,0.9,2,7000000.0,14000000.0
137,Joe Ingles,SF,UTA,0.623,0.6459999999999999,0.11599999999999999,1.1,13.9,7.6,22.9,1.8,0.7,17.4,15.9,4.0,3.6,7.6,0.141,2.1,1.0,3.1,3.3,6,13045455.0,35863638.0
138,Brandon Ingram,SF,LAL,0.536,0.138,0.371,3.1,13.8,8.5,17.7,1.1,1.8,14.4,22.2,1.0,1.8,2.8,0.068,-1.6,0.3,-1.3,0.4,4,5757120.0,5757120.0
139,Kyrie Irving,PG,BOS,0.61,0.374,0.24,1.9,10.8,6.4,30.7,1.7,0.7,10.4,31.0,6.3,2.7,8.9,0.222,6.9,-0.7,6.2,4.0,7,20099188.0,20099188.0
140,Wesley Iwundu,SF,ORL,0.48,0.21100000000000002,0.21600000000000003,3.9,11.0,7.4,7.8,1.6,0.9,11.2,11.6,0.0,0.7,0.7,0.032,-3.7,0.2,-3.5,-0.4,0,1378242.0,1378242.0
141,Jarrett Jack,PG,NYK,0.489,0.19399999999999998,0.16899999999999998,1.6,12.1,6.8,31.3,1.1,0.2,19.5,16.7,0.5,0.7,1.2,0.036000000000000004,-1.9,-1.7,-3.5,-0.6,0,0.0,0.0
142,Justin Jackson,SF,SAC,0.521,0.442,0.086,2.0,12.6,7.1,7.2,0.9,0.8,8.4,14.2,0.4,0.5,1.0,0.031,-2.0,-1.5,-3.5,-0.6,0,2807880.0,2807880.0
143,LeBron James,PF,CLE,0.621,0.257,0.336,3.7,22.3,13.1,44.4,1.9,2.0,16.1,31.6,11.0,3.0,14.0,0.221,7.6,2.0,9.6,8.9,7,35654150.0,113310573.0
144,Jonas Jerebko,PF,UTA,0.586,0.46,0.16699999999999998,5.4,19.1,12.3,5.7,1.1,0.9,6.9,15.6,1.8,1.6,3.4,0.14400000000000002,-0.3,-0.3,-0.6,0.4,2,2165481.0,2165481.0
145,Amir Johnson,C,PHI,0.575,0.12300000000000001,0.327,11.8,18.3,15.2,13.9,1.8,3.1,15.6,12.8,2.1,2.0,4.1,0.16899999999999998,-0.2,3.1,2.9,1.5,1,2393887.0,2393887.0
146,James Johnson,PF,MIA,0.575,0.301,0.264,3.5,17.2,10.3,22.5,1.8,2.2,17.2,19.1,2.2,2.8,4.9,0.122,-0.1,1.7,1.7,1.8,6,14651700.0,30001100.0
147,Joe Johnson,SF,TOT,0.49,0.40299999999999997,0.125,1.3,14.7,8.1,10.2,0.7,0.5,11.4,15.9,-0.3,1.3,1.0,0.04,-3.4,-0.4,-3.8,-0.5,0,0.0,0.0
148,Stanley Johnson,SF,DET,0.48,0.418,0.259,1.9,13.0,7.3,8.5,2.5,0.7,11.0,16.4,-0.6,2.4,1.8,0.046,-2.6,1.1,-1.5,0.2,3,3940402.0,3940402.0
149,Tyler Johnson,PG,MIA,0.5489999999999999,0.456,0.18100000000000002,1.9,11.7,6.8,12.4,1.5,1.4,9.5,18.6,1.9,2.3,4.2,0.09699999999999999,-0.1,-0.1,-0.2,0.9,2,19245370.0,19245370.0
150,Wesley Johnson,SF,LAC,0.512,0.48100000000000004,0.158,2.2,13.6,8.0,5.6,2.5,3.5,12.3,13.0,-0.1,1.7,1.7,0.055,-2.0,2.3,0.3,0.9,3,6134520.0,6134520.0
151,Nikola Jokic,C,DEN,0.603,0.27699999999999997,0.31,9.0,27.9,18.5,29.6,1.8,2.1,15.5,24.2,7.8,2.9,10.7,0.21100000000000002,4.8,2.3,7.1,5.6,8,25467250.0,147710050.0
152,Tyus Jones,PG,MIN,0.5720000000000001,0.39299999999999996,0.247,1.2,9.2,5.2,21.2,3.2,0.4,14.0,12.7,2.3,1.2,3.6,0.11699999999999999,0.8,-0.3,0.5,0.9,3,2444053.0,2444053.0
153,DeAndre Jordan,C,LAC,0.648,0.0,0.54,15.1,37.6,26.5,7.1,0.8,2.4,16.1,15.2,6.0,3.4,9.4,0.18600000000000003,0.5,1.6,2.1,2.5,1,22900000.0,22900000.0
154,Cory Joseph,PG,IND,0.503,0.315,0.156,2.0,11.4,6.7,16.1,1.8,0.7,11.9,14.8,1.2,2.0,3.1,0.068,-1.3,0.1,-1.2,0.5,3,7945000.0,7945000.0
155,Frank Kaminsky,PF,CHO,0.545,0.38299999999999995,0.271,2.7,14.5,8.5,11.0,1.0,0.9,7.6,20.5,2.3,1.3,3.6,0.094,0.3,-1.2,-0.9,0.5,5,3627842.0,3627842.0
156,Enes Kanter,C,NYK,0.63,0.003,0.258,16.6,30.6,23.6,9.4,1.0,1.7,13.3,21.8,5.5,2.1,7.6,0.198,2.4,0.1,2.5,2.1,1,18622514.0,18622514.0
157,Luke Kennard,SG,DET,0.56,0.419,0.163,1.6,11.9,6.6,12.7,1.5,0.8,12.2,17.2,1.1,1.4,2.6,0.085,-1.1,-0.4,-1.5,0.2,5,3275280.0,3275280.0
158,Michael Kidd-Gilchrist,SF,CHO,0.536,0.004,0.305,4.8,13.0,8.8,5.9,1.3,1.4,7.8,16.2,1.6,1.6,3.2,0.084,-2.0,0.3,-1.8,0.1,4,13000000.0,13000000.0
159,Maxi Kleber,PF,DAL,0.5760000000000001,0.414,0.191,6.3,15.6,10.8,6.4,1.1,3.5,8.2,13.7,1.6,1.2,2.8,0.113,-1.0,1.2,0.2,0.7,2,1378242.0,0.0
160,Kyle Korver,SG,CLE,0.652,0.777,0.149,0.7,10.9,5.9,8.0,1.0,1.5,9.6,16.0,2.8,0.6,3.4,0.10400000000000001,2.2,-2.0,0.1,0.9,5,7560000.0,11000000.0
161,Kosta Koufos,C,SAC,0.5660000000000001,0.0,0.19,11.7,27.6,19.3,9.7,1.7,2.2,10.4,15.2,2.3,1.5,3.9,0.134,-0.8,1.4,0.5,0.9,4,8739500.0,8739500.0
162,Kyle Kuzma,PF,LAL,0.5489999999999999,0.418,0.2,3.9,17.4,10.7,9.1,1.0,1.1,11.0,22.5,1.5,2.3,3.8,0.077,-0.3,-1.0,-1.3,0.4,2,1689840.0,1689840.0
163,Skal Labissiere,PF,SAC,0.513,0.111,0.258,8.7,18.1,13.2,9.1,1.0,3.7,12.5,21.1,0.4,1.0,1.4,0.054000000000000006,-2.7,0.1,-2.6,-0.2,4,1544951.0,1544951.0
164,Jeremy Lamb,SG,CHO,0.5589999999999999,0.305,0.25,2.7,15.4,8.9,15.4,1.5,1.4,9.1,22.4,3.0,1.9,4.9,0.12,1.2,-0.2,0.9,1.5,2,7488372.0,7488372.0
165,Courtney Lee,SG,NYK,0.564,0.368,0.16399999999999998,1.4,9.3,5.4,11.3,1.7,0.6,9.4,16.9,2.7,1.2,3.9,0.08199999999999999,0.8,-0.7,0.0,1.2,5,12253780.0,25013450.0
166,Alex Len,C,PHO,0.612,0.008,0.611,13.2,26.7,19.8,9.1,0.9,3.5,14.0,17.0,3.2,1.3,4.5,0.154,-0.3,1.1,0.8,1.0,1,0.0,0.0
167,Caris LeVert,SF,BRK,0.525,0.33299999999999996,0.254,3.0,11.9,7.4,26.0,2.1,0.9,15.8,22.5,0.7,1.6,2.3,0.059000000000000004,-0.3,-0.2,-0.5,0.7,3,1702800.0,1702800.0
168,Damian Lillard,PG,POR,0.594,0.445,0.38,2.6,10.6,6.6,30.9,1.4,0.8,11.1,30.6,9.9,2.7,12.6,0.22699999999999998,7.7,-1.0,6.7,5.9,7,27977689.0,89406963.0
169,Shaun Livingston,PG,GSW,0.5329999999999999,0.015,0.17800000000000002,3.4,9.2,6.5,16.8,1.5,1.5,13.6,16.7,0.9,0.9,1.8,0.077,-2.6,-0.9,-3.5,-0.4,0,8307692.0,10307692.0
170,Kevon Looney,C,GSW,0.588,0.026000000000000002,0.39899999999999997,11.0,15.2,13.2,6.0,1.8,4.9,12.0,12.5,1.5,1.3,2.8,0.145,-0.9,2.1,1.2,0.7,1,1567007.0,1567007.0
171,Brook Lopez,C,LAL,0.557,0.41,0.19899999999999998,4.6,13.4,9.0,11.6,0.8,4.6,10.2,23.5,1.9,1.9,3.8,0.105,0.3,0.2,0.5,1.1,2,3382000.0,3382000.0
172,Robin Lopez,C,CHI,0.552,0.022000000000000002,0.14,8.2,10.3,9.2,12.3,0.4,2.8,13.5,20.4,1.2,0.7,1.9,0.055,-1.7,-0.3,-1.9,0.0,4,14357750.0,14357750.0
173,Kevin Love,C,CLE,0.614,0.45299999999999996,0.365,7.0,29.8,18.6,9.8,1.3,1.2,9.6,25.1,4.7,1.6,6.4,0.185,2.7,-1.5,1.3,1.4,2,24119025.0,144519025.0
174,Kyle Lowry,PG,TOR,0.598,0.631,0.276,3.0,16.1,9.7,30.9,1.7,0.6,14.7,21.7,7.0,3.1,10.2,0.19399999999999998,5.4,0.5,5.9,5.0,7,31000000.0,64296296.0
175,Timothe Luwawu-Cabarrot,SF,PHI,0.511,0.5920000000000001,0.217,1.9,7.5,4.8,9.3,0.7,0.5,11.5,17.5,0.1,0.7,0.8,0.046,-2.3,-2.4,-4.7,-0.5,0,1544951.0,1544951.0
176,Trey Lyles,PF,DEN,0.59,0.396,0.264,4.5,23.5,14.0,10.1,1.1,2.0,9.0,21.1,2.7,1.2,3.9,0.134,0.6,-1.4,-0.8,0.4,2,3364249.0,3364249.0
177,Shelvin Mack,PG,ORL,0.518,0.336,0.23399999999999999,1.8,11.6,6.7,29.5,1.9,0.5,16.3,17.6,1.0,1.0,2.0,0.069,-1.2,-1.2,-2.4,-0.1,3,1000000.0,1000000.0
178,Ian Mahinmi,C,WAS,0.601,0.008,0.516,13.4,17.4,15.4,6.6,1.6,3.2,24.7,15.6,0.8,1.4,2.2,0.09300000000000001,-2.3,1.6,-0.7,0.4,1,15944154.0,31394205.0
179,Thon Maker,C,MIL,0.499,0.32899999999999996,0.294,7.1,14.2,10.6,5.2,1.5,3.7,11.0,14.6,0.3,1.1,1.5,0.055999999999999994,-2.7,0.0,-2.7,-0.2,0,2799720.0,2799720.0
180,Lauri Markkanen,PF,CHI,0.552,0.465,0.193,4.0,23.7,13.5,6.4,0.9,1.8,8.2,21.9,1.7,1.6,3.3,0.079,-0.6,-1.3,-1.9,0.1,2,4536120.0,4536120.0
181,Jarell Martin,PF,MEM,0.516,0.198,0.23399999999999999,6.6,15.8,11.1,7.0,1.2,2.8,13.6,17.1,0.1,1.2,1.3,0.038,-3.0,0.0,-3.0,-0.4,0,2416222.0,2416222.0
182,Frank Mason,PG,SAC,0.48,0.226,0.303,3.3,12.1,7.5,22.7,1.7,1.0,13.1,22.6,0.0,0.6,0.5,0.027000000000000003,-2.0,-1.4,-3.4,-0.4,0,1378242.0,1378242.0
183,Wesley Matthews,SF,DAL,0.541,0.5770000000000001,0.145,1.4,9.2,5.2,12.3,1.8,0.7,10.1,17.6,1.0,1.6,2.6,0.059000000000000004,0.2,-0.2,0.1,1.1,5,18622514.0,18622514.0
184,Luc Mbah a Moute,PF,HOU,0.595,0.501,0.275,1.6,11.7,6.7,5.0,2.3,1.4,15.1,12.9,0.7,2.1,2.8,0.086,-1.5,1.5,0.0,0.8,3,4320500.0,4320500.0
185,Patrick McCaw,SG,GSW,0.47700000000000004,0.35600000000000004,0.151,2.0,7.2,4.8,10.6,2.2,0.8,14.6,12.8,-0.3,0.8,0.6,0.028999999999999998,-2.9,-0.5,-3.4,-0.3,0,0.0,0.0
186,CJ McCollum,SG,POR,0.536,0.316,0.166,2.0,9.9,6.0,15.8,1.3,1.0,8.6,26.5,3.7,2.9,6.6,0.10800000000000001,1.4,-1.0,0.4,1.8,9,25759766.0,82670877.0
187,T.J. McConnell,PG,PHI,0.545,0.147,0.09300000000000001,2.4,11.5,7.1,24.5,2.6,0.6,20.4,13.8,1.3,2.5,3.8,0.10800000000000001,-1.8,1.1,-0.7,0.5,3,1600520.0,0.0
188,Doug McDermott,SF,TOT,0.579,0.425,0.159,2.5,10.2,6.3,6.5,0.5,0.8,9.3,15.0,1.7,0.6,2.3,0.063,-0.7,-1.7,-2.4,-0.2,5,7333333.0,22000000.0
189,Doug McDermott,SF,NYK,0.562,0.418,0.162,3.1,9.5,6.3,6.0,0.4,0.9,8.8,14.4,1.1,0.3,1.3,0.055,-0.6,-1.9,-2.5,-0.1,5,7333333.0,22000000.0
190,Ben McLemore,SG,MEM,0.526,0.426,0.172,3.5,11.4,7.4,7.5,1.8,1.3,13.2,19.0,-0.2,0.7,0.5,0.023,-2.1,-1.4,-3.6,-0.4,0,5460000.0,5460000.0
191,Jodie Meeks,SG,WAS,0.5479999999999999,0.534,0.298,1.5,11.2,6.4,9.1,1.3,0.3,7.7,19.0,1.3,0.8,2.0,0.087,-0.4,-2.5,-2.8,-0.2,5,3454500.0,3454500.0
192,Khris Middleton,SF,MIL,0.5770000000000001,0.32,0.285,1.8,15.0,8.4,17.7,2.0,0.6,11.8,24.6,4.6,2.3,6.9,0.111,1.6,-1.2,0.4,1.8,9,13000000.0,13000000.0
193,C.J. Miles,SF,TOR,0.545,0.758,0.162,1.5,11.0,6.4,6.0,1.4,1.3,5.7,22.3,1.4,1.5,2.9,0.10300000000000001,1.7,-2.2,-0.5,0.5,5,8333333.0,8333333.0
194,Darius Miller,SF,NOP,0.617,0.735,0.138,1.0,7.9,4.6,7.5,0.7,0.7,10.1,12.8,2.1,0.9,3.0,0.075,0.5,-1.6,-1.0,0.5,5,2205000.0,0.0
195,Patty Mills,PG,SAS,0.5579999999999999,0.607,0.17300000000000001,1.4,6.8,4.1,16.0,1.3,0.4,12.6,17.8,2.0,2.1,4.1,0.09300000000000001,0.9,-1.3,-0.4,0.9,5,11571429.0,37285714.0
196,Nikola Mirotic,PF,TOT,0.5770000000000001,0.523,0.2,4.3,24.9,14.6,8.6,1.4,2.2,7.7,23.4,2.2,1.8,4.0,0.128,1.4,-0.7,0.6,1.0,2,12500000.0,12500000.0
197,Donovan Mitchell,SG,UTA,0.541,0.40399999999999997,0.218,2.3,10.4,6.4,19.4,2.2,0.9,12.6,29.1,1.4,3.8,5.2,0.095,1.3,-0.2,1.1,2.1,6,3111480.0,3111480.0
198,Greg Monroe,C,TOT,0.598,0.0,0.308,11.4,25.2,18.3,18.7,2.1,1.8,17.7,22.4,1.8,1.6,3.4,0.155,0.1,2.3,2.4,1.2,1,0.0,0.0
199,E'Twaun Moore,SG,NOP,0.593,0.36200000000000004,0.08199999999999999,2.5,7.3,5.0,10.1,1.5,0.4,10.6,16.1,2.8,1.6,4.4,0.081,0.6,-0.8,-0.2,1.2,5,8808685.0,17473613.0
200,Eric Moreland,PF,DET,0.531,0.0,0.23800000000000002,10.9,27.6,19.1,13.3,1.9,5.6,23.8,9.7,0.7,1.6,2.3,0.135,-3.1,5.8,2.6,0.9,1,0.0,0.0
201,Marcus Morris,PF,BOS,0.541,0.38299999999999995,0.252,3.3,18.4,10.9,8.1,1.2,0.7,8.7,23.0,1.1,2.2,3.2,0.10800000000000001,-1.0,-0.6,-1.7,0.1,2,5375000.0,5375000.0
202,Markieff Morris,PF,WAS,0.5660000000000001,0.301,0.18600000000000003,4.3,19.2,11.8,11.0,1.4,1.7,14.6,19.5,1.2,2.1,3.3,0.08,-1.0,0.5,-0.5,0.7,4,8600000.0,8600000.0
203,Dejounte Murray,PG,SAS,0.485,0.055999999999999994,0.243,7.0,22.4,14.6,20.2,2.8,1.5,16.6,20.7,-0.2,3.4,3.2,0.087,-2.2,3.4,1.2,1.4,3,1544951.0,1544951.0
204,Jamal Murray,PG,DEN,0.5760000000000001,0.41100000000000003,0.23800000000000002,3.6,9.4,6.5,16.4,1.5,0.9,12.8,22.8,4.3,1.2,5.5,0.10300000000000001,1.8,-2.0,-0.2,1.2,9,3499800.0,3499800.0
205,Mike Muscala,C,ATL,0.597,0.535,0.19899999999999998,5.9,18.3,12.1,7.3,1.4,2.2,11.0,15.7,1.5,0.9,2.4,0.11,0.0,0.2,0.2,0.6,2,5000000.0,5000000.0
206,Larry Nance,C,TOT,0.605,0.028999999999999998,0.332,12.4,22.0,17.3,8.6,3.0,2.2,9.7,15.9,3.6,2.3,5.8,0.196,0.9,2.4,3.3,1.9,1,2272391.0,2272391.0
207,Shabazz Napier,PG,POR,0.544,0.41100000000000003,0.26,1.9,10.1,6.0,14.6,2.6,0.7,13.2,19.5,1.2,2.0,3.2,0.10099999999999999,-0.2,0.3,0.2,0.8,3,1942422.0,1942422.0
208,Jameer Nelson,PG,TOT,0.489,0.508,0.08199999999999999,1.4,9.5,5.6,22.8,1.3,0.3,21.0,13.7,-0.1,0.7,0.6,0.027999999999999997,-2.6,-1.5,-4.0,-0.5,0,0.0,0.0
209,Dirk Nowitzki,C,DAL,0.575,0.445,0.142,1.2,25.2,12.8,10.4,1.1,2.1,6.0,20.5,2.6,2.2,4.8,0.121,0.1,0.3,0.3,1.1,2,5000000.0,5000000.0
210,Jusuf Nurkic,C,POR,0.528,0.006999999999999999,0.287,10.0,26.9,18.5,11.7,1.5,4.3,14.6,26.4,0.8,3.9,4.7,0.10800000000000001,-2.6,2.8,0.3,1.2,4,12000000.0,40000000.0
211,David Nwaba,SG,CHI,0.542,0.12300000000000001,0.48,5.6,16.0,10.6,9.4,1.7,1.6,13.1,15.6,1.1,1.4,2.4,0.071,-2.5,0.9,-1.6,0.1,4,0.0,0.0
212,Royce O'Neale,SF,UTA,0.54,0.415,0.268,2.5,20.6,11.7,12.0,1.6,1.2,14.8,14.6,0.5,1.8,2.4,0.099,-2.4,1.7,-0.6,0.4,3,1378242.0,0.0
213,Kyle O'Quinn,C,NYK,0.624,0.044000000000000004,0.33,9.7,27.8,18.8,16.8,1.3,6.1,18.5,17.0,2.7,2.1,4.8,0.166,0.2,4.3,4.5,2.3,1,4449000.0,4449000.0
214,Semi Ojeleye,PF,BOS,0.473,0.665,0.218,3.6,11.6,7.7,2.4,0.9,0.3,10.8,9.0,-0.2,1.3,1.2,0.048,-3.6,0.1,-3.5,-0.4,0,1378242.0,901965.0
215,Victor Oladipo,SG,IND,0.5770000000000001,0.32299999999999995,0.27399999999999997,2.1,15.1,8.6,21.2,3.5,2.0,12.7,30.1,4.3,4.0,8.3,0.155,3.6,1.3,4.9,4.5,6,21000000.0,63000000.0
216,Kelly Olynyk,PF,MIA,0.612,0.44,0.27399999999999997,5.6,21.6,13.6,18.7,1.7,1.7,17.1,21.7,2.8,2.7,5.5,0.14800000000000002,1.6,1.3,2.9,2.2,6,11137527.0,22805412.0
217,Kelly Oubre,SF,WAS,0.534,0.467,0.295,3.0,15.4,9.2,6.4,1.8,1.4,9.2,19.4,1.4,2.3,3.7,0.08,-0.8,-0.4,-1.2,0.4,2,3208630.0,3208630.0
218,Zaza Pachulia,C,GSW,0.612,0.004,0.35200000000000004,11.0,25.0,18.5,15.2,1.9,1.4,19.1,17.0,1.8,1.4,3.3,0.161,-0.5,1.3,0.8,0.7,1,2393887.0,2393887.0
219,Tony Parker,PG,SAS,0.498,0.095,0.201,0.7,9.2,4.9,28.2,1.3,0.1,13.9,20.5,0.4,1.1,1.4,0.065,-2.4,-1.7,-4.1,-0.6,0,5000000.0,10000000.0
220,Patrick Patterson,PF,OKC,0.555,0.643,0.17300000000000001,2.7,14.6,8.4,6.1,1.9,1.6,10.3,10.8,1.2,1.4,2.6,0.098,-1.6,0.3,-1.3,0.2,5,5451600.0,5451600.0
221,Chris Paul,PG,HOU,0.604,0.475,0.27699999999999997,2.3,16.7,9.5,40.9,2.6,0.6,12.5,24.5,7.5,2.7,10.2,0.265,6.2,0.9,7.1,4.3,7,35654150.0,159730592.0
222,Elfrid Payton,PG,TOT,0.5379999999999999,0.138,0.252,3.8,12.8,8.2,34.9,2.2,1.0,18.5,21.9,1.4,1.4,2.8,0.075,0.1,0.0,0.1,1.0,3,2700000.0,2700000.0
223,Mason Plumlee,C,DEN,0.586,0.003,0.489,10.4,20.9,15.6,14.4,1.7,4.7,18.7,16.6,1.8,1.8,3.6,0.12,-0.9,2.7,1.8,1.4,1,12917808.0,26958904.0
224,Miles Plumlee,C,ATL,0.574,0.0,0.33299999999999996,9.4,18.3,13.9,7.2,0.9,2.8,23.4,12.8,0.1,0.7,0.9,0.046,-3.8,1.3,-2.5,-0.1,4,12500000.0,25000000.0
225,Jakob Poeltl,C,TOR,0.662,0.005,0.263,12.4,16.4,14.4,5.4,1.3,5.2,16.6,14.8,3.1,2.4,5.6,0.17600000000000002,0.4,2.9,3.3,2.0,1,2947320.0,2947320.0
226,Otto Porter,SF,WAS,0.602,0.354,0.145,4.8,18.1,11.4,10.1,2.4,1.5,7.4,18.4,5.0,3.1,8.1,0.161,2.4,1.2,3.6,3.4,6,26011913.0,53262489.0
227,Bobby Portis,PF,CHI,0.5479999999999999,0.275,0.192,10.0,23.0,16.2,13.2,1.5,1.3,10.5,26.0,2.0,1.5,3.5,0.10099999999999999,1.0,-0.6,0.3,1.0,4,2494346.0,2494346.0
228,Dwight Powell,C,DAL,0.6559999999999999,0.195,0.43,8.7,21.3,14.7,8.5,2.0,1.7,10.3,15.5,4.6,2.1,6.6,0.191,1.1,1.6,2.7,2.0,1,9631250.0,9631250.0
229,Norman Powell,SG,TOR,0.49200000000000005,0.49700000000000005,0.10400000000000001,1.5,10.9,6.3,11.8,1.7,1.2,14.4,18.9,-0.6,1.2,0.6,0.027000000000000003,-2.5,-0.4,-2.8,-0.2,0,9367200.0,30349728.0
230,Julius Randle,C,LAL,0.606,0.05,0.47,8.9,22.8,15.9,15.8,0.9,1.7,16.3,25.3,4.0,2.6,6.6,0.145,0.4,0.6,0.9,1.6,1,8641000.0,8641000.0
231,Zach Randolph,PF,SAC,0.529,0.193,0.14,7.0,23.7,15.0,14.9,1.4,0.6,12.5,27.6,0.3,1.2,1.5,0.048,-0.6,-1.2,-1.8,0.1,4,11692308.0,11692308.0
232,J.J. Redick,SG,PHI,0.614,0.523,0.248,0.5,8.3,4.5,15.1,0.8,0.2,9.6,21.7,4.8,1.8,6.6,0.15,2.6,-2.6,0.0,1.1,9,12500000.0,12500000.0
233,Josh Richardson,SF,MIA,0.551,0.38,0.16,2.9,9.0,6.0,13.2,2.3,2.4,12.9,18.2,1.8,3.5,5.4,0.096,-0.1,1.5,1.4,2.3,6,9300000.0,30200000.0
234,Austin Rivers,SG,LAC,0.526,0.447,0.198,1.5,6.2,3.9,17.5,1.7,0.6,11.1,20.6,1.4,1.0,2.4,0.055999999999999994,0.8,-1.7,-0.9,0.6,5,12650000.0,12650000.0
235,Rajon Rondo,PG,NOP,0.522,0.304,0.09300000000000001,2.0,14.2,8.4,42.2,2.0,0.5,22.7,16.9,1.9,1.7,3.6,0.10099999999999999,-0.4,-0.7,-1.1,0.4,3,9000000.0,9000000.0
236,Terry Rozier,PG,BOS,0.52,0.503,0.18600000000000003,3.4,16.3,9.9,17.5,1.9,0.8,8.5,20.4,2.2,3.4,5.6,0.13,0.8,1.0,1.8,2.0,6,3050390.0,3050390.0
237,Ricky Rubio,PG,UTA,0.537,0.33,0.307,2.2,15.3,8.8,28.4,2.7,0.4,18.1,22.9,1.5,3.8,5.3,0.11199999999999999,0.1,1.6,1.7,2.1,6,14975000.0,14975000.0
238,Domantas Sabonis,C,IND,0.5670000000000001,0.055999999999999994,0.33899999999999997,10.4,25.2,17.8,12.7,1.1,1.6,15.3,22.1,2.5,2.2,4.7,0.126,-0.8,0.5,-0.2,0.8,4,2659800.0,2659800.0
239,Dario Saric,PF,PHI,0.5820000000000001,0.44799999999999995,0.233,7.5,16.4,12.1,13.0,1.1,0.7,13.1,20.9,3.8,2.8,6.6,0.13699999999999998,1.6,-0.2,1.4,2.0,2,2526840.0,2526840.0
240,Tomas Satoransky,SG,WAS,0.615,0.263,0.25,5.0,11.1,8.0,24.8,1.6,0.8,16.3,13.7,3.7,1.3,5.0,0.145,1.3,-0.2,1.1,1.3,9,3129187.0,3129187.0
241,Dennis Schroder,PG,ATL,0.515,0.22899999999999998,0.231,2.4,8.8,5.6,36.2,1.7,0.2,12.7,30.4,1.5,1.0,2.6,0.059000000000000004,1.5,-2.2,-0.7,0.7,9,15500000.0,46500000.0
242,Mike Scott,PF,WAS,0.599,0.311,0.145,4.0,15.8,9.9,9.1,0.8,0.6,12.4,20.0,1.4,1.0,2.5,0.085,-0.5,-1.8,-2.3,-0.1,5,4320500.0,4320500.0
243,Pascal Siakam,PF,TOR,0.5489999999999999,0.265,0.175,5.4,18.6,12.1,13.5,1.8,2.0,11.1,15.7,2.1,2.5,4.7,0.133,0.0,2.2,2.1,1.7,2,1544951.0,1544951.0
244,Ben Simmons,PG,PHI,0.557,0.011000000000000001,0.342,5.9,19.5,13.0,37.4,2.5,2.1,19.5,22.3,4.2,5.0,9.2,0.162,1.0,3.6,4.6,4.6,6,6434520.0,6434520.0
245,Jonathon Simmons,SG,ORL,0.555,0.268,0.317,3.3,9.7,6.5,13.3,1.4,0.6,14.4,22.0,0.8,1.1,1.9,0.045,-1.0,-1.3,-2.3,-0.2,0,6000000.0,7000000.0
246,Marcus Smart,SG,BOS,0.479,0.483,0.258,3.0,9.8,6.4,23.7,2.2,1.2,18.4,19.4,-0.6,2.5,1.9,0.055999999999999994,-1.6,1.1,-0.5,0.6,3,11660716.0,51999900.0
247,Ish Smith,PG,DET,0.525,0.126,0.145,1.4,10.9,6.1,28.4,1.6,0.9,11.2,20.8,2.4,2.0,4.4,0.102,-0.6,-0.6,-1.2,0.4,9,6000000.0,6000000.0
248,J.R. Smith,SG,CLE,0.534,0.64,0.094,1.5,10.1,5.9,8.6,1.5,0.4,11.6,13.8,0.6,0.9,1.4,0.031,-0.6,-1.0,-1.7,0.2,5,14720000.0,18590000.0
249,Tony Snell,SG,MIL,0.578,0.631,0.113,0.5,7.5,4.0,6.5,1.1,1.2,7.5,10.6,1.6,0.7,2.4,0.055999999999999994,-0.5,-1.3,-1.8,0.1,5,10607143.0,22000000.0
250,Lance Stephenson,SG,IND,0.495,0.327,0.179,3.8,22.0,12.9,18.6,1.2,0.8,14.7,21.6,-0.3,2.0,1.8,0.045,-2.0,-0.1,-2.1,0.0,0,4449000.0,4449000.0
251,Jayson Tatum,SF,BOS,0.586,0.29,0.309,2.3,15.6,9.0,8.3,1.7,2.0,10.7,19.5,3.0,4.0,7.1,0.139,-0.5,1.5,1.0,1.8,6,6700800.0,6700800.0
252,Isaiah Taylor,PG,ATL,0.49200000000000005,0.205,0.36200000000000004,2.1,6.9,4.5,27.0,1.4,0.7,15.7,20.1,0.2,0.5,0.6,0.027000000000000003,-2.9,-2.5,-5.4,-1.0,0,0.0,0.0
253,Jeff Teague,PG,MIN,0.5529999999999999,0.287,0.301,1.2,9.3,5.2,30.6,2.2,0.8,16.4,20.6,3.4,1.4,4.9,0.10099999999999999,1.5,-1.3,0.2,1.3,9,19000000.0,19000000.0
254,Garrett Temple,SG,SAC,0.536,0.47700000000000004,0.16399999999999998,1.5,9.6,5.4,11.3,1.8,1.6,13.4,16.4,0.3,0.9,1.2,0.035,-1.3,-0.6,-1.9,0.1,0,8000000.0,8000000.0
255,Jason Terry,SG,MIL,0.525,0.747,0.057999999999999996,0.7,6.2,3.5,9.7,2.6,1.4,13.7,10.1,0.1,0.6,0.7,0.042,-1.6,-0.5,-2.1,0.0,0,0.0,0.0
256,Daniel Theis,C,BOS,0.616,0.249,0.348,10.7,21.2,16.0,9.1,1.6,4.3,17.2,15.5,1.6,1.9,3.5,0.17800000000000002,-0.8,3.4,2.6,1.1,1,1378242.0,1378242.0
257,Lance Thomas,PF,NYK,0.513,0.46399999999999997,0.19899999999999998,3.6,10.7,7.2,4.2,1.1,0.9,12.1,10.7,0.3,0.6,0.9,0.031,-2.1,-0.5,-2.6,-0.2,0,7119650.0,7119650.0
258,Klay Thompson,SG,GSW,0.598,0.441,0.083,1.5,10.3,6.2,11.2,1.1,1.1,9.5,23.7,3.2,1.8,4.9,0.094,1.8,-2.4,-0.6,0.9,5,18988725.0,18988725.0
259,Tristan Thompson,C,CLE,0.569,0.0,0.336,13.4,23.3,18.4,4.3,0.7,1.3,11.8,12.6,1.8,0.7,2.5,0.113,-1.6,-0.9,-2.5,-0.1,4,17469565.0,36008695.0
260,Sindarius Thornwell,SG,LAC,0.519,0.262,0.37799999999999995,3.2,10.0,6.7,7.8,2.0,1.8,16.3,12.1,0.1,0.9,1.0,0.040999999999999995,-2.6,1.0,-1.6,0.1,3,1378242.0,1378242.0
261,Anthony Tolliver,PF,DET,0.6629999999999999,0.773,0.282,3.1,12.3,7.6,7.5,0.9,1.1,9.9,14.8,3.8,1.5,5.3,0.146,2.3,-0.8,1.5,1.5,2,5750000.0,5750000.0
262,Karl-Anthony Towns,C,MIN,0.6459999999999999,0.243,0.34299999999999997,9.3,30.9,20.0,10.8,1.1,3.5,10.5,22.9,10.6,3.4,14.0,0.23,4.4,1.1,5.5,5.5,8,7839435.0,0.0
263,P.J. Tucker,PF,HOU,0.537,0.703,0.136,4.6,17.8,11.3,4.6,1.7,1.0,13.7,10.5,1.0,3.0,3.9,0.08199999999999999,-1.5,1.5,0.0,1.2,2,7969537.0,18887764.0
264,Evan Turner,SF,POR,0.52,0.22899999999999998,0.185,1.6,11.4,6.5,12.4,1.1,1.2,13.7,15.6,0.5,2.1,2.6,0.061,-2.4,0.6,-1.8,0.1,0,17868852.0,36475409.0
265,Myles Turner,C,IND,0.5670000000000001,0.24600000000000002,0.322,5.8,19.8,12.8,7.0,1.0,5.7,11.6,20.0,2.2,2.5,4.7,0.122,-1.1,1.8,0.7,1.3,4,3410284.0,3410284.0
266,Ekpe Udoh,C,UTA,0.56,0.008,0.467,9.6,11.4,10.5,9.1,2.7,7.7,12.1,9.1,1.3,1.8,3.2,0.187,-1.1,6.8,5.7,1.6,1,3360000.0,3360000.0
267,Jonas Valanciunas,C,TOR,0.628,0.10800000000000001,0.307,12.1,30.3,21.4,7.5,0.8,3.2,12.9,22.7,4.6,3.0,7.6,0.21,0.7,0.8,1.5,1.5,1,16539326.0,16539326.0
268,Denzel Valentine,SG,CHI,0.527,0.513,0.071,2.4,18.3,10.1,17.8,1.5,0.5,11.8,17.5,1.0,1.5,2.5,0.057,-0.4,-0.1,-0.5,0.8,5,2280600.0,2280600.0
269,Fred VanVleet,PG,TOR,0.556,0.479,0.185,1.9,11.5,6.8,22.8,2.2,1.0,11.2,19.1,2.7,2.0,4.7,0.149,1.9,0.1,1.9,1.5,9,9000000.0,18000000.0
270,Noah Vonleh,PF,TOT,0.509,0.282,0.248,8.5,30.2,19.2,5.7,1.1,1.6,10.7,14.5,0.5,1.2,1.6,0.09,-3.4,0.3,-3.1,-0.2,4,0.0,0.0
271,Nikola Vucevic,C,ORL,0.5329999999999999,0.243,0.11199999999999999,6.6,27.8,17.1,19.9,1.6,3.0,11.0,25.9,1.3,2.3,3.6,0.102,0.6,2.1,2.7,2.0,4,12750000.0,12750000.0
272,Dwyane Wade,SG,TOT,0.5,0.163,0.27699999999999997,3.7,14.6,9.2,23.5,2.0,2.6,15.5,26.2,-0.4,1.6,1.1,0.036000000000000004,-2.4,0.3,-2.1,0.0,3,0.0,0.0
273,Kemba Walker,PG,CHO,0.5720000000000001,0.441,0.308,1.2,8.7,4.9,27.4,1.6,0.7,10.4,27.4,6.5,2.0,8.5,0.15,5.1,-1.9,3.2,3.6,9,12000000.0,12000000.0
274,Taurean Waller-Prince,SF,ATL,0.5489999999999999,0.469,0.185,2.3,15.3,8.8,13.9,1.7,1.5,15.3,22.1,0.0,2.0,2.0,0.038,-0.7,0.0,-0.7,0.8,3,2526840.0,2526840.0
275,T.J. Warren,SF,PHO,0.541,0.085,0.24,6.1,10.5,8.3,7.2,1.5,1.5,6.7,24.9,2.6,0.8,3.4,0.077,-0.1,-1.7,-1.9,0.1,5,11750000.0,47000000.0
276,David West,C,GSW,0.6,0.021,0.209,7.7,18.2,13.3,20.5,2.3,5.9,16.2,21.7,1.8,1.7,3.5,0.168,-0.2,3.2,3.0,1.3,1,0.0,0.0
277,Russell Westbrook,PG,OKC,0.524,0.193,0.336,5.6,25.7,15.3,49.8,2.5,0.6,16.4,34.1,5.5,4.5,10.1,0.166,5.1,3.1,8.2,7.5,7,35350000.0,158382000.0
278,Hassan Whiteside,C,MIA,0.573,0.003,0.315,14.3,36.6,25.4,6.9,1.4,5.9,12.3,24.7,2.3,3.0,5.3,0.187,-2.1,2.3,0.2,0.8,1,25434263.0,25434263.0
279,Andrew Wiggins,SF,MIN,0.505,0.26,0.242,3.1,10.8,6.9,8.2,1.5,1.5,8.8,23.4,0.5,1.6,2.1,0.034,-1.1,-1.4,-2.5,-0.4,0,25250000.0,146450000.0
280,Lou Williams,SG,LAC,0.574,0.387,0.36700000000000005,1.7,6.6,4.2,26.3,1.6,0.6,13.1,29.8,5.5,1.2,6.7,0.125,3.8,-2.9,1.0,2.0,9,8000000.0,16000000.0
281,Marvin Williams,PF,CHO,0.603,0.542,0.218,3.9,16.2,10.0,7.0,1.4,1.6,9.7,14.8,3.1,1.9,5.0,0.11900000000000001,1.1,0.5,1.7,1.9,2,14087500.0,14087500.0
282,Justise Winslow,PF,MIA,0.496,0.264,0.213,4.3,20.4,12.3,13.0,1.6,1.7,12.6,16.3,0.2,2.4,2.6,0.075,-2.7,1.7,-1.0,0.4,4,3448926.0,3448926.0
283,Delon Wright,PG,TOR,0.574,0.354,0.271,3.6,11.7,7.7,19.6,2.5,1.8,13.9,17.2,2.5,2.1,4.5,0.152,1.2,1.6,2.8,1.7,6,2536898.0,2536898.0
284,Nick Young,SG,GSW,0.562,0.6679999999999999,0.133,1.7,7.9,5.0,3.5,1.3,0.4,7.2,17.6,0.8,0.9,1.7,0.057999999999999996,-0.2,-3.4,-3.7,-0.6,5,0.0,0.0
285,Thaddeus Young,PF,IND,0.528,0.209,0.106,8.0,14.1,11.1,8.5,2.6,1.2,10.4,17.3,2.3,3.2,5.5,0.10099999999999999,0.1,1.4,1.5,2.3,6,13764045.0,13764045.0
286,Tyler Zeller,C,TOT,0.598,0.084,0.237,11.0,19.4,15.2,6.7,0.7,2.5,11.3,16.4,2.0,0.9,2.9,0.126,-1.1,-0.5,-1.6,0.1,4,1933941.0,0.0
